A[0, 0, 0, 0, 0, 0, 0, 0, 1] -> -1
A[0, 0, 0, 0, 0, 0, 1, 0, 0] -> 2
A[0, 0, 0, 0, 0, 1, 0, 0, 0] -> -5
A[0, 0, 0, 0, 1, 0, 0, 0, 0] -> 2
A[0, 0, 0, 0, 1, 0, 0, 0, 1] -> -3
A[0, 0, 0, 0, 2, 0, 0, 0, 1] -> -5
A[0, 0, 0, 0, 2, 0, 0, 0, 2] -> 6
A[0, 0, 0, 0, 3, 0, 0, 0, 1] -> -7
A[0, 0, 0, 0, 3, 0, 0, 0, 2] -> 32
A[0, 0, 0, 0, 4, 0, 0, 0, 1] -> -9
A[0, 0, 0, 1, 0, 0, 0, 0, 0] -> 2
A[0, 0, 0, 1, 0, 1, 0, 0, 0] -> -5
A[0, 0, 1, 0, 0, 0, 0, 0, 0] -> 2
A[0, 0, 1, 0, 0, 0, 0, 0, 1] -> -3
A[0, 0, 1, 0, 1, 0, 0, 0, 0] -> 2
A[0, 0, 1, 0, 1, 0, 0, 0, 1] -> -4
A[0, 0, 1, 0, 2, 0, 0, 0, 1] -> -8
A[0, 0, 1, 0, 2, 0, 0, 0, 2] -> 10
A[0, 0, 1, 0, 3, 0, 0, 0, 1] -> -12
A[0, 0, 1, 1, 0, 0, 0, 0, 0] -> 2
A[0, 0, 1, 1, 0, 0, 0, 0, 1] -> -4
A[0, 0, 1, 1, 0, 1, 0, 0, 0] -> -5
A[0, 0, 1, 1, 0, 1, 0, 0, 1] -> 10
A[0, 0, 1, 1, 1, 0, 0, 0, 0] -> 2
A[0, 0, 1, 1, 1, 0, 0, 0, 1] -> -4
A[0, 0, 1, 1, 1, 1, 0, 0, 0] -> -5
A[0, 0, 1, 1, 1, 1, 0, 0, 1] -> 10
A[0, 0, 1, 1, 2, 0, 0, 0, 1] -> -8
A[0, 0, 1, 2, 0, 0, 0, 0, 1] -> -3
A[0, 0, 1, 2, 0, 1, 0, 0, 1] -> 10
A[0, 0, 1, 3, 0, 0, 0, 0, 1] -> -5
A[0, 0, 2, 0, 0, 0, 0, 0, 1] -> -5
A[0, 0, 2, 0, 0, 0, 0, 0, 2] -> 6
A[0, 0, 2, 0, 1, 0, 0, 0, 1] -> -8
A[0, 0, 2, 0, 1, 0, 0, 0, 2] -> 10
A[0, 0, 2, 0, 2, 0, 0, 0, 1] -> -9
A[0, 0, 2, 1, 0, 0, 0, 0, 1] -> -8
A[0, 0, 2, 1, 0, 0, 0, 0, 2] -> 10
A[0, 0, 2, 1, 0, 1, 0, 0, 1] -> 20
A[0, 0, 2, 1, 1, 0, 0, 0, 1] -> -12
A[0, 0, 2, 2, 0, 0, 0, 0, 1] -> -9
A[0, 0, 3, 0, 0, 0, 0, 0, 1] -> -7
A[0, 0, 3, 0, 0, 0, 0, 0, 2] -> 32
A[0, 0, 3, 0, 1, 0, 0, 0, 1] -> -12
A[0, 0, 3, 1, 0, 0, 0, 0, 1] -> -12
A[0, 0, 4, 0, 0, 0, 0, 0, 1] -> -9
A[1, 0, 0, 0, 0, 0, 0, 0, 0] -> -5
A[1, 0, 0, 0, 0, 1, 0, 0, 0] -> 2
A[1, 0, 0, 1, 0, 1, 0, 0, 0] -> 2
A[1, 0, 1, 1, 0, 1, 0, 0, 0] -> 2
A[1, 0, 1, 1, 0, 1, 0, 0, 1] -> -4
A[1, 0, 1, 1, 1, 1, 0, 0, 0] -> 2