A[0, 0, 0, 0, 0, 0, 0, 0, 1] -> -1
A[0, 0, 0, 0, 0, 0, 1, 0, 0] -> 2
A[0, 0, 0, 0, 0, 1, 0, 0, 0] -> -5
A[0, 0, 0, 0, 1, 0, 0, 0, 0] -> 2
A[0, 0, 0, 0, 1, 0, 0, 0, 1] -> -3
A[0, 0, 0, 0, 2, 0, 0, 0, 1] -> -5
A[0, 0, 0, 0, 2, 0, 0, 0, 2] -> 6
A[0, 0, 0, 0, 3, 0, 0, 0, 1] -> -7
A[0, 0, 0, 0, 3, 0, 0, 0, 2] -> 32
A[0, 0, 0, 0, 3, 0, 0, 0, 3] -> -27
A[0, 0, 0, 0, 4, 0, 0, 0, 1] -> -9
A[0, 0, 0, 0, 4, 0, 0, 0, 2] -> 110
A[0, 0, 0, 0, 4, 0, 0, 0, 3] -> -286
A[0, 0, 0, 0, 4, 0, 0, 0, 4] -> 192
A[0, 0, 0, 0, 5, 0, 0, 0, 1] -> -11
A[0, 0, 0, 0, 5, 0, 0, 0, 2] -> 288
A[0, 0, 0, 0, 5, 0, 0, 0, 3] -> -1651
A[0, 0, 0, 0, 5, 0, 0, 0, 4] -> 3038
A[0, 0, 0, 0, 5, 0, 0, 0, 5] -> -1695
A[0, 0, 0, 0, 6, 0, 0, 0, 1] -> -13
A[0, 0, 0, 0, 6, 0, 0, 0, 2] -> 644
A[0, 0, 0, 0, 6, 0, 0, 0, 3] -> -6885
A[0, 0, 0, 0, 6, 0, 0, 0, 4] -> 25216
A[0, 0, 0, 0, 6, 0, 0, 0, 5] -> -35870
A[0, 0, 0, 0, 6, 0, 0, 0, 6] -> 17064
A[0, 0, 0, 0, 7, 0, 0, 0, 1] -> -15
A[0, 0, 0, 0, 7, 0, 0, 0, 2] -> 1280
A[0, 0, 0, 0, 7, 0, 0, 0, 3] -> -23188
A[0, 0, 0, 0, 7, 0, 0, 0, 4] -> 146718
A[0, 0, 0, 0, 7, 0, 0, 0, 5] -> -392084
A[0, 0, 0, 0, 7, 0, 0, 0, 6] -> 454880
A[0, 0, 0, 0, 8, 0, 0, 0, 1] -> -17
A[0, 0, 0, 0, 8, 0, 0, 0, 2] -> 2340
A[0, 0, 0, 0, 8, 0, 0, 0, 3] -> -66937
A[0, 0, 0, 0, 8, 0, 0, 0, 4] -> 672000
A[0, 0, 0, 0, 8, 0, 0, 0, 5] -> -2953818
A[0, 0, 0, 0, 9, 0, 0, 0, 1] -> -19
A[0, 0, 0, 0, 9, 0, 0, 0, 2] -> 4000
A[0, 0, 0, 0, 9, 0, 0, 0, 3] -> -171801
A[0, 0, 0, 0, 9, 0, 0, 0, 4] -> 2581656
A[0, 0, 0, 0, 10, 0, 0, 0, 1] -> -21
A[0, 0, 0, 0, 10, 0, 0, 0, 2] -> 6490
A[0, 0, 0, 0, 10, 0, 0, 0, 3] -> -401764
A[0, 0, 0, 0, 11, 0, 0, 0, 1] -> -23
A[0, 0, 0, 0, 11, 0, 0, 0, 2] -> 10080
A[0, 0, 0, 0, 12, 0, 0, 0, 1] -> -25
A[0, 0, 0, 1, 0, 0, 0, 0, 0] -> 2
A[0, 0, 0, 1, 0, 1, 0, 0, 0] -> -5
A[0, 0, 1, 0, 0, 0, 0, 0, 0] -> 2
A[0, 0, 1, 0, 0, 0, 0, 0, 1] -> -3
A[0, 0, 1, 0, 1, 0, 0, 0, 0] -> 2
A[0, 0, 1, 0, 1, 0, 0, 0, 1] -> -4
A[0, 0, 1, 0, 2, 0, 0, 0, 1] -> -8
A[0, 0, 1, 0, 2, 0, 0, 0, 2] -> 10
A[0, 0, 1, 0, 3, 0, 0, 0, 1] -> -12
A[0, 0, 1, 0, 3, 0, 0, 0, 2] -> 70
A[0, 0, 1, 0, 3, 0, 0, 0, 3] -> -64
A[0, 0, 1, 0, 4, 0, 0, 0, 1] -> -16
A[0, 0, 1, 0, 4, 0, 0, 0, 2] -> 270
A[0, 0, 1, 0, 4, 0, 0, 0, 3] -> -800
A[0, 0, 1, 0, 4, 0, 0, 0, 4] -> 572
A[0, 0, 1, 0, 5, 0, 0, 0, 1] -> -20
A[0, 0, 1, 0, 5, 0, 0, 0, 2] -> 770
A[0, 0, 1, 0, 5, 0, 0, 0, 3] -> -5184
A[0, 0, 1, 0, 5, 0, 0, 0, 4] -> 10374
A[0, 0, 1, 0, 5, 0, 0, 0, 5] -> -6076
A[0, 0, 1, 0, 6, 0, 0, 0, 1] -> -24
A[0, 0, 1, 0, 6, 0, 0, 0, 2] -> 1820
A[0, 0, 1, 0, 6, 0, 0, 0, 3] -> -23520
A[0, 0, 1, 0, 6, 0, 0, 0, 4] -> 95550
A[0, 0, 1, 0, 6, 0, 0, 0, 5] -> -144768
A[0, 0, 1, 0, 6, 0, 0, 0, 6] -> 71740
A[0, 0, 1, 0, 7, 0, 0, 0, 1] -> -28
A[0, 0, 1, 0, 7, 0, 0, 0, 2] -> 3780
A[0, 0, 1, 0, 7, 0, 0, 0, 3] -> -84480
A[0, 0, 1, 0, 7, 0, 0, 0, 4] -> 602446
A[0, 0, 1, 0, 7, 0, 0, 0, 5] -> -1736316
A[0, 0, 1, 0, 8, 0, 0, 0, 1] -> -32
A[0, 0, 1, 0, 8, 0, 0, 0, 2] -> 7140
A[0, 0, 1, 0, 8, 0, 0, 0, 3] -> -256608
A[0, 0, 1, 0, 8, 0, 0, 0, 4] -> 2942758
A[0, 0, 1, 0, 9, 0, 0, 0, 1] -> -36
A[0, 0, 1, 0, 9, 0, 0, 0, 2] -> 12540
A[0, 0, 1, 0, 9, 0, 0, 0, 3] -> -686400
A[0, 0, 1, 0, 10, 0, 0, 0, 1] -> -40
A[0, 0, 1, 0, 10, 0, 0, 0, 2] -> 20790
A[0, 0, 1, 0, 11, 0, 0, 0, 1] -> -44
A[0, 0, 1, 1, 0, 0, 0, 0, 0] -> 2
A[0, 0, 1, 1, 0, 0, 0, 0, 1] -> -4
A[0, 0, 1, 1, 0, 1, 0, 0, 0] -> -5
A[0, 0, 1, 1, 0, 1, 0, 0, 1] -> 10
A[0, 0, 1, 1, 1, 0, 0, 0, 0] -> 2
A[0, 0, 1, 1, 1, 0, 0, 0, 1] -> -4
A[0, 0, 1, 1, 1, 1, 0, 0, 0] -> -5
A[0, 0, 1, 1, 1, 1, 0, 0, 1] -> 10
A[0, 0, 1, 1, 2, 0, 0, 0, 1] -> -8
A[0, 0, 1, 1, 2, 0, 0, 0, 2] -> 10
A[0, 0, 1, 1, 2, 1, 0, 0, 1] -> 20
A[0, 0, 1, 1, 2, 1, 0, 0, 2] -> -25
A[0, 0, 1, 1, 3, 0, 0, 0, 1] -> -12
A[0, 0, 1, 1, 3, 0, 0, 0, 2] -> 70
A[0, 0, 1, 1, 3, 0, 0, 0, 3] -> -64
A[0, 0, 1, 1, 3, 1, 0, 0, 1] -> 30
A[0, 0, 1, 1, 3, 1, 0, 0, 2] -> -175
A[0, 0, 1, 1, 3, 1, 0, 0, 3] -> 160
A[0, 0, 1, 1, 4, 0, 0, 0, 1] -> -16
A[0, 0, 1, 1, 4, 0, 0, 0, 2] -> 270
A[0, 0, 1, 1, 4, 0, 0, 0, 3] -> -800
A[0, 0, 1, 1, 4, 0, 0, 0, 4] -> 572
A[0, 0, 1, 1, 4, 1, 0, 0, 1] -> 40
A[0, 0, 1, 1, 4, 1, 0, 0, 2] -> -675
A[0, 0, 1, 1, 4, 1, 0, 0, 3] -> 2000
A[0, 0, 1, 1, 4, 1, 0, 0, 4] -> -1430
A[0, 0, 1, 1, 5, 0, 0, 0, 1] -> -20
A[0, 0, 1, 1, 5, 0, 0, 0, 2] -> 770
A[0, 0, 1, 1, 5, 0, 0, 0, 3] -> -5184
A[0, 0, 1, 1, 5, 0, 0, 0, 4] -> 10374
A[0, 0, 1, 1, 5, 0, 0, 0, 5] -> -6076
A[0, 0, 1, 1, 5, 1, 0, 0, 1] -> 50
A[0, 0, 1, 1, 5, 1, 0, 0, 2] -> -1925
A[0, 0, 1, 1, 5, 1, 0, 0, 3] -> 12960
A[0, 0, 1, 1, 5, 1, 0, 0, 4] -> -25935
A[0, 0, 1, 1, 5, 1, 0, 0, 5] -> 15190
A[0, 0, 1, 1, 6, 0, 0, 0, 1] -> -24
A[0, 0, 1, 1, 6, 0, 0, 0, 2] -> 1820
A[0, 0, 1, 1, 6, 0, 0, 0, 3] -> -23520
A[0, 0, 1, 1, 6, 0, 0, 0, 4] -> 95550
A[0, 0, 1, 1, 6, 0, 0, 0, 5] -> -144768
A[0, 0, 1, 1, 6, 1, 0, 0, 1] -> 60
A[0, 0, 1, 1, 6, 1, 0, 0, 2] -> -4550
A[0, 0, 1, 1, 6, 1, 0, 0, 3] -> 58800
A[0, 0, 1, 1, 6, 1, 0, 0, 4] -> -238875
A[0, 0, 1, 1, 7, 0, 0, 0, 1] -> -28
A[0, 0, 1, 1, 7, 0, 0, 0, 2] -> 3780
A[0, 0, 1, 1, 7, 0, 0, 0, 3] -> -84480
A[0, 0, 1, 1, 7, 0, 0, 0, 4] -> 602446
A[0, 0, 1, 1, 7, 1, 0, 0, 1] -> 70
A[0, 0, 1, 1, 7, 1, 0, 0, 2] -> -9450
A[0, 0, 1, 1, 7, 1, 0, 0, 3] -> 211200
A[0, 0, 1, 1, 8, 0, 0, 0, 1] -> -32
A[0, 0, 1, 1, 8, 0, 0, 0, 2] -> 7140
A[0, 0, 1, 1, 8, 0, 0, 0, 3] -> -256608
A[0, 0, 1, 1, 8, 1, 0, 0, 1] -> 80
A[0, 0, 1, 1, 8, 1, 0, 0, 2] -> -17850
A[0, 0, 1, 1, 9, 0, 0, 0, 1] -> -36
A[0, 0, 1, 1, 9, 0, 0, 0, 2] -> 12540
A[0, 0, 1, 1, 9, 1, 0, 0, 1] -> 90
A[0, 0, 1, 1, 10, 0, 0, 0, 1] -> -40
A[0, 0, 1, 2, 0, 0, 0, 0, 1] -> -3
A[0, 0, 1, 2, 0, 1, 0, 0, 1] -> 10
A[0, 0, 1, 2, 0, 2, 0, 0, 1] -> -10
A[0, 0, 1, 3, 0, 0, 0, 0, 1] -> -5
A[0, 0, 1, 3, 0, 1, 0, 0, 1] -> 20
A[0, 0, 1, 3, 0, 2, 0, 0, 1] -> -30
A[0, 0, 1, 3, 0, 3, 0, 0, 1] -> 20
A[0, 0, 1, 3, 0, 4, 0, 0, 1] -> -5
A[0, 0, 1, 3, 0, 5, 0, 0, 1] -> 2
A[0, 0, 1, 4, 0, 0, 0, 0, 1] -> -7
A[0, 0, 1, 4, 0, 1, 0, 0, 1] -> 30
A[0, 0, 1, 4, 0, 2, 0, 0, 1] -> -50
A[0, 0, 1, 4, 0, 3, 0, 0, 1] -> 40
A[0, 0, 1, 4, 0, 4, 0, 0, 1] -> -15
A[0, 0, 1, 4, 0, 5, 0, 0, 1] -> 2
A[0, 0, 1, 5, 0, 0, 0, 0, 1] -> -9
A[0, 0, 1, 5, 0, 1, 0, 0, 1] -> 40
A[0, 0, 1, 5, 0, 2, 0, 0, 1] -> -70
A[0, 0, 1, 5, 0, 3, 0, 0, 1] -> 60
A[0, 0, 1, 5, 0, 4, 0, 0, 1] -> -25
A[0, 0, 1, 5, 0, 5, 0, 0, 1] -> 4
A[0, 0, 1, 6, 0, 0, 0, 0, 1] -> -11
A[0, 0, 1, 6, 0, 1, 0, 0, 1] -> 50
A[0, 0, 1, 6, 0, 2, 0, 0, 1] -> -90
A[0, 0, 1, 6, 0, 3, 0, 0, 1] -> 80
A[0, 0, 1, 6, 0, 4, 0, 0, 1] -> -35
A[0, 0, 1, 6, 0, 5, 0, 0, 1] -> 6
A[0, 0, 1, 7, 0, 0, 0, 0, 1] -> -13
A[0, 0, 1, 7, 0, 1, 0, 0, 1] -> 60
A[0, 0, 1, 7, 0, 2, 0, 0, 1] -> -110
A[0, 0, 1, 7, 0, 3, 0, 0, 1] -> 100
A[0, 0, 1, 7, 0, 4, 0, 0, 1] -> -45
A[0, 0, 1, 8, 0, 0, 0, 0, 1] -> -15
A[0, 0, 1, 8, 0, 1, 0, 0, 1] -> 70
A[0, 0, 1, 8, 0, 2, 0, 0, 1] -> -130
A[0, 0, 1, 8, 0, 3, 0, 0, 1] -> 120
A[0, 0, 1, 9, 0, 0, 0, 0, 1] -> -17
A[0, 0, 1, 9, 0, 1, 0, 0, 1] -> 80
A[0, 0, 1, 9, 0, 2, 0, 0, 1] -> -150
A[0, 0, 1, 10, 0, 0, 0, 0, 1] -> -19
A[0, 0, 1, 10, 0, 1, 0, 0, 1] -> 90
A[0, 0, 1, 11, 0, 0, 0, 0, 1] -> -21
A[0, 0, 2, 0, 0, 0, 0, 0, 1] -> -5
A[0, 0, 2, 0, 0, 0, 0, 0, 2] -> 6
A[0, 0, 2, 0, 1, 0, 0, 0, 1] -> -8
A[0, 0, 2, 0, 1, 0, 0, 0, 2] -> 10
A[0, 0, 2, 0, 2, 0, 0, 0, 1] -> -9
A[0, 0, 2, 0, 2, 0, 0, 0, 2] -> 32
A[0, 0, 2, 0, 2, 0, 0, 0, 3] -> -25
A[0, 0, 2, 0, 3, 0, 0, 0, 1] -> -15
A[0, 0, 2, 0, 3, 0, 0, 0, 2] -> 126
A[0, 0, 2, 0, 3, 0, 0, 0, 3] -> -266
A[0, 0, 2, 0, 3, 0, 0, 0, 4] -> 160
A[0, 0, 2, 0, 4, 0, 0, 0, 1] -> -21
A[0, 0, 2, 0, 4, 0, 0, 0, 2] -> 456
A[0, 0, 2, 0, 4, 0, 0, 0, 3] -> -1998
A[0, 0, 2, 0, 4, 0, 0, 0, 4] -> 2980
A[0, 0, 2, 0, 4, 0, 0, 0, 5] -> -1430
A[0, 0, 2, 0, 5, 0, 0, 0, 1] -> -27
A[0, 0, 2, 0, 5, 0, 0, 0, 2] -> 1330
A[0, 0, 2, 0, 5, 0, 0, 0, 3] -> -11473
A[0, 0, 2, 0, 5, 0, 0, 0, 4] -> 33192
A[0, 0, 2, 0, 5, 0, 0, 0, 5] -> -38194
A[0, 0, 2, 0, 5, 0, 0, 0, 6] -> 15190
A[0, 0, 2, 0, 6, 0, 0, 0, 1] -> -33
A[0, 0, 2, 0, 6, 0, 0, 0, 2] -> 3264
A[0, 0, 2, 0, 6, 0, 0, 0, 3] -> -51506
A[0, 0, 2, 0, 6, 0, 0, 0, 4] -> 264236
A[0, 0, 2, 0, 6, 0, 0, 0, 5] -> -565065
A[0, 0, 2, 0, 7, 0, 0, 0, 1] -> -39
A[0, 0, 2, 0, 7, 0, 0, 0, 2] -> 7014
A[0, 0, 2, 0, 7, 0, 0, 0, 3] -> -189000
A[0, 0, 2, 0, 7, 0, 0, 0, 4] -> 1609984
A[0, 0, 2, 0, 8, 0, 0, 0, 1] -> -45
A[0, 0, 2, 0, 8, 0, 0, 0, 2] -> 13648
A[0, 0, 2, 0, 8, 0, 0, 0, 3] -> -591192
A[0, 0, 2, 0, 9, 0, 0, 0, 1] -> -51
A[0, 0, 2, 0, 9, 0, 0, 0, 2] -> 24570
A[0, 0, 2, 0, 10, 0, 0, 0, 1] -> -57
A[0, 0, 2, 1, 0, 0, 0, 0, 1] -> -8
A[0, 0, 2, 1, 0, 0, 0, 0, 2] -> 10
A[0, 0, 2, 1, 0, 1, 0, 0, 1] -> 20
A[0, 0, 2, 1, 0, 1, 0, 0, 2] -> -25
A[0, 0, 2, 1, 1, 0, 0, 0, 1] -> -12
A[0, 0, 2, 1, 1, 0, 0, 0, 2] -> 16
A[0, 0, 2, 1, 1, 1, 0, 0, 1] -> 30
A[0, 0, 2, 1, 1, 1, 0, 0, 2] -> -40
A[0, 0, 2, 1, 2, 0, 0, 0, 1] -> -12
A[0, 0, 2, 1, 2, 0, 0, 0, 2] -> 48
A[0, 0, 2, 1, 2, 0, 0, 0, 3] -> -40
A[0, 0, 2, 1, 2, 1, 0, 0, 1] -> 30
A[0, 0, 2, 1, 2, 1, 0, 0, 2] -> -120
A[0, 0, 2, 1, 2, 1, 0, 0, 3] -> 100
A[0, 0, 2, 1, 3, 0, 0, 0, 1] -> -20
A[0, 0, 2, 1, 3, 0, 0, 0, 2] -> 192
A[0, 0, 2, 1, 3, 0, 0, 0, 3] -> -420
A[0, 0, 2, 1, 3, 0, 0, 0, 4] -> 256
A[0, 0, 2, 1, 3, 1, 0, 0, 1] -> 50
A[0, 0, 2, 1, 3, 1, 0, 0, 2] -> -480
A[0, 0, 2, 1, 3, 1, 0, 0, 3] -> 1050
A[0, 0, 2, 1, 3, 1, 0, 0, 4] -> -640
A[0, 0, 2, 1, 4, 0, 0, 0, 1] -> -28
A[0, 0, 2, 1, 4, 0, 0, 0, 2] -> 704
A[0, 0, 2, 1, 4, 0, 0, 0, 3] -> -3204
A[0, 0, 2, 1, 4, 0, 0, 0, 4] -> 4800
A[0, 0, 2, 1, 4, 0, 0, 0, 5] -> -2288
A[0, 0, 2, 1, 4, 1, 0, 0, 1] -> 70
A[0, 0, 2, 1, 4, 1, 0, 0, 2] -> -1760
A[0, 0, 2, 1, 4, 1, 0, 0, 3] -> 8010
A[0, 0, 2, 1, 4, 1, 0, 0, 4] -> -12000
A[0, 0, 2, 1, 4, 1, 0, 0, 5] -> 5720
A[0, 0, 2, 1, 5, 0, 0, 0, 1] -> -36
A[0, 0, 2, 1, 5, 0, 0, 0, 2] -> 2080
A[0, 0, 2, 1, 5, 0, 0, 0, 3] -> -18744
A[0, 0, 2, 1, 5, 0, 0, 0, 4] -> 54624
A[0, 0, 2, 1, 5, 0, 0, 0, 5] -> -62244
A[0, 0, 2, 1, 5, 1, 0, 0, 1] -> 90
A[0, 0, 2, 1, 5, 1, 0, 0, 2] -> -5200
A[0, 0, 2, 1, 5, 1, 0, 0, 3] -> 46860
A[0, 0, 2, 1, 5, 1, 0, 0, 4] -> -136560
A[0, 0, 2, 1, 6, 0, 0, 0, 1] -> -44
A[0, 0, 2, 1, 6, 0, 0, 0, 2] -> 5136
A[0, 0, 2, 1, 6, 0, 0, 0, 3] -> -85280
A[0, 0, 2, 1, 6, 0, 0, 0, 4] -> 443744
A[0, 0, 2, 1, 6, 1, 0, 0, 1] -> 110
A[0, 0, 2, 1, 6, 1, 0, 0, 2] -> -12840
A[0, 0, 2, 1, 6, 1, 0, 0, 3] -> 213200
A[0, 0, 2, 1, 7, 0, 0, 0, 1] -> -52
A[0, 0, 2, 1, 7, 0, 0, 0, 2] -> 11088
A[0, 0, 2, 1, 7, 0, 0, 0, 3] -> -315720
A[0, 0, 2, 1, 7, 1, 0, 0, 1] -> 130
A[0, 0, 2, 1, 7, 1, 0, 0, 2] -> -27720
A[0, 0, 2, 1, 8, 0, 0, 0, 1] -> -60
A[0, 0, 2, 1, 8, 0, 0, 0, 2] -> 21632
A[0, 0, 2, 1, 8, 1, 0, 0, 1] -> 150
A[0, 0, 2, 1, 9, 0, 0, 0, 1] -> -68
A[0, 0, 2, 2, 0, 0, 0, 0, 1] -> -9
A[0, 0, 2, 2, 0, 0, 0, 0, 2] -> 12
A[0, 0, 2, 2, 0, 1, 0, 0, 1] -> 30
A[0, 0, 2, 2, 0, 1, 0, 0, 2] -> -40
A[0, 0, 2, 2, 0, 2, 0, 0, 1] -> -30
A[0, 0, 2, 2, 0, 2, 0, 0, 2] -> 40
A[0, 0, 2, 2, 1, 0, 0, 0, 1] -> -12
A[0, 0, 2, 2, 1, 0, 0, 0, 2] -> 18
A[0, 0, 2, 2, 1, 1, 0, 0, 1] -> 40
A[0, 0, 2, 2, 1, 1, 0, 0, 2] -> -60
A[0, 0, 2, 2, 1, 2, 0, 0, 1] -> -40
A[0, 0, 2, 2, 1, 2, 0, 0, 2] -> 60
A[0, 0, 2, 2, 2, 0, 0, 0, 1] -> -9
A[0, 0, 2, 2, 2, 0, 0, 0, 2] -> 48
A[0, 0, 2, 2, 2, 0, 0, 0, 3] -> -45
A[0, 0, 2, 2, 2, 1, 0, 0, 1] -> 30
A[0, 0, 2, 2, 2, 1, 0, 0, 2] -> -160
A[0, 0, 2, 2, 2, 1, 0, 0, 3] -> 150
A[0, 0, 2, 2, 2, 2, 0, 0, 1] -> -30
A[0, 0, 2, 2, 2, 2, 0, 0, 2] -> 160
A[0, 0, 2, 2, 2, 2, 0, 0, 3] -> -150
A[0, 0, 2, 2, 3, 0, 0, 0, 1] -> -15
A[0, 0, 2, 2, 3, 0, 0, 0, 2] -> 150
A[0, 0, 2, 2, 3, 0, 0, 0, 3] -> -406
A[0, 0, 2, 2, 3, 0, 0, 0, 4] -> 288
A[0, 0, 2, 2, 3, 1, 0, 0, 1] -> 50
A[0, 0, 2, 2, 3, 1, 0, 0, 2] -> -540
A[0, 0, 2, 2, 3, 1, 0, 0, 3] -> 1400
A[0, 0, 2, 2, 3, 1, 0, 0, 4] -> -960
A[0, 0, 2, 2, 3, 2, 0, 0, 1] -> -50
A[0, 0, 2, 2, 3, 2, 0, 0, 2] -> 570
A[0, 0, 2, 2, 3, 2, 0, 0, 3] -> -1435
A[0, 0, 2, 2, 3, 2, 0, 0, 4] -> 960
A[0, 0, 2, 2, 4, 0, 0, 0, 1] -> -21
A[0, 0, 2, 2, 4, 0, 0, 0, 2] -> 488
A[0, 0, 2, 2, 4, 0, 0, 0, 3] -> -2538
A[0, 0, 2, 2, 4, 0, 0, 0, 4] -> 4580
A[0, 0, 2, 2, 4, 0, 0, 0, 5] -> -2574
A[0, 0, 2, 2, 4, 1, 0, 0, 1] -> 70
A[0, 0, 2, 2, 4, 1, 0, 0, 2] -> -1840
A[0, 0, 2, 2, 4, 1, 0, 0, 3] -> 9360
A[0, 0, 2, 2, 4, 1, 0, 0, 4] -> -16000
A[0, 0, 2, 2, 4, 2, 0, 0, 1] -> -70
A[0, 0, 2, 2, 4, 2, 0, 0, 2] -> 2000
A[0, 0, 2, 2, 4, 2, 0, 0, 3] -> -10035
A[0, 0, 2, 2, 5, 0, 0, 0, 1] -> -27
A[0, 0, 2, 2, 5, 0, 0, 0, 2] -> 1370
A[0, 0, 2, 2, 5, 0, 0, 0, 3] -> -13013
A[0, 0, 2, 2, 5, 0, 0, 0, 4] -> 43560
A[0, 0, 2, 2, 5, 1, 0, 0, 1] -> 90
A[0, 0, 2, 2, 5, 1, 0, 0, 2] -> -5300
A[0, 0, 2, 2, 5, 1, 0, 0, 3] -> 50710
A[0, 0, 2, 2, 5, 2, 0, 0, 1] -> -90
A[0, 0, 2, 2, 5, 2, 0, 0, 2] -> 5850
A[0, 0, 2, 2, 6, 0, 0, 0, 1] -> -33
A[0, 0, 2, 2, 6, 0, 0, 0, 2] -> 3312
A[0, 0, 2, 2, 6, 0, 0, 0, 3] -> -55146
A[0, 0, 2, 2, 6, 1, 0, 0, 1] -> 110
A[0, 0, 2, 2, 6, 1, 0, 0, 2] -> -12960
A[0, 0, 2, 2, 6, 2, 0, 0, 1] -> -110
A[0, 0, 2, 2, 7, 0, 0, 0, 1] -> -39
A[0, 0, 2, 2, 7, 0, 0, 0, 2] -> 7070
A[0, 0, 2, 2, 7, 1, 0, 0, 1] -> 130
A[0, 0, 2, 2, 8, 0, 0, 0, 1] -> -45
A[0, 0, 2, 3, 0, 0, 0, 0, 1] -> -8
A[0, 0, 2, 3, 0, 0, 0, 0, 2] -> 12
A[0, 0, 2, 3, 0, 1, 0, 0, 1] -> 30
A[0, 0, 2, 3, 0, 1, 0, 0, 2] -> -45
A[0, 0, 2, 3, 0, 2, 0, 0, 1] -> -40
A[0, 0, 2, 3, 0, 2, 0, 0, 2] -> 60
A[0, 0, 2, 3, 0, 3, 0, 0, 1] -> 20
A[0, 0, 2, 3, 0, 3, 0, 0, 2] -> -30
A[0, 0, 2, 3, 1, 0, 0, 0, 1] -> -8
A[0, 0, 2, 3, 1, 0, 0, 0, 2] -> 16
A[0, 0, 2, 3, 1, 1, 0, 0, 1] -> 30
A[0, 0, 2, 3, 1, 1, 0, 0, 2] -> -60
A[0, 0, 2, 3, 1, 2, 0, 0, 1] -> -40
A[0, 0, 2, 3, 1, 2, 0, 0, 2] -> 80
A[0, 0, 2, 3, 1, 3, 0, 0, 1] -> 20
A[0, 0, 2, 3, 1, 3, 0, 0, 2] -> -40
A[0, 0, 2, 3, 2, 0, 0, 0, 2] -> 32
A[0, 0, 2, 3, 2, 0, 0, 0, 3] -> -40
A[0, 0, 2, 3, 2, 1, 0, 0, 2] -> -120
A[0, 0, 2, 3, 2, 1, 0, 0, 3] -> 150
A[0, 0, 2, 3, 2, 2, 0, 0, 2] -> 160
A[0, 0, 2, 3, 2, 2, 0, 0, 3] -> -200
A[0, 0, 2, 3, 2, 3, 0, 0, 2] -> -80
A[0, 0, 2, 3, 2, 3, 0, 0, 3] -> 100
A[0, 0, 2, 3, 3, 0, 0, 0, 2] -> 48
A[0, 0, 2, 3, 3, 0, 0, 0, 3] -> -280
A[0, 0, 2, 3, 3, 0, 0, 0, 4] -> 256
A[0, 0, 2, 3, 3, 1, 0, 0, 2] -> -180
A[0, 0, 2, 3, 3, 1, 0, 0, 3] -> 1050
A[0, 0, 2, 3, 3, 1, 0, 0, 4] -> -960
A[0, 0, 2, 3, 3, 2, 0, 0, 2] -> 240
A[0, 0, 2, 3, 3, 2, 0, 0, 3] -> -1400
A[0, 0, 2, 3, 3, 3, 0, 0, 2] -> -120
A[0, 0, 2, 3, 4, 0, 0, 0, 2] -> 64
A[0, 0, 2, 3, 4, 0, 0, 0, 3] -> -1080
A[0, 0, 2, 3, 4, 0, 0, 0, 4] -> 3200
A[0, 0, 2, 3, 4, 1, 0, 0, 2] -> -240
A[0, 0, 2, 3, 4, 1, 0, 0, 3] -> 4050
A[0, 0, 2, 3, 4, 2, 0, 0, 2] -> 320
A[0, 0, 2, 3, 5, 0, 0, 0, 2] -> 80
A[0, 0, 2, 3, 5, 0, 0, 0, 3] -> -3080
A[0, 0, 2, 3, 5, 1, 0, 0, 2] -> -300
A[0, 0, 2, 3, 6, 0, 0, 0, 2] -> 96
A[0, 0, 2, 4, 0, 0, 0, 0, 1] -> -12
A[0, 0, 2, 4, 0, 0, 0, 0, 2] -> 24
A[0, 0, 2, 4, 0, 1, 0, 0, 1] -> 50
A[0, 0, 2, 4, 0, 1, 0, 0, 2] -> -100
A[0, 0, 2, 4, 0, 2, 0, 0, 1] -> -80
A[0, 0, 2, 4, 0, 2, 0, 0, 2] -> 160
A[0, 0, 2, 4, 0, 3, 0, 0, 1] -> 60
A[0, 0, 2, 4, 0, 3, 0, 0, 2] -> -120
A[0, 0, 2, 4, 0, 4, 0, 0, 1] -> -20
A[0, 0, 2, 4, 0, 4, 0, 0, 2] -> 40
A[0, 0, 2, 4, 0, 5, 0, 0, 1] -> 2
A[0, 0, 2, 4, 0, 5, 0, 0, 2] -> -4
A[0, 0, 2, 4, 1, 0, 0, 0, 1] -> -12
A[0, 0, 2, 4, 1, 0, 0, 0, 2] -> 24
A[0, 0, 2, 4, 1, 1, 0, 0, 1] -> 50
A[0, 0, 2, 4, 1, 1, 0, 0, 2] -> -100
A[0, 0, 2, 4, 1, 2, 0, 0, 1] -> -80
A[0, 0, 2, 4, 1, 2, 0, 0, 2] -> 160
A[0, 0, 2, 4, 1, 3, 0, 0, 1] -> 60
A[0, 0, 2, 4, 1, 3, 0, 0, 2] -> -120
A[0, 0, 2, 4, 1, 4, 0, 0, 1] -> -20
A[0, 0, 2, 4, 1, 4, 0, 0, 2] -> 40
A[0, 0, 2, 4, 1, 5, 0, 0, 1] -> 2
A[0, 0, 2, 4, 2, 0, 0, 0, 2] -> 48
A[0, 0, 2, 4, 2, 0, 0, 0, 3] -> -60
A[0, 0, 2, 4, 2, 1, 0, 0, 2] -> -200
A[0, 0, 2, 4, 2, 1, 0, 0, 3] -> 250
A[0, 0, 2, 4, 2, 2, 0, 0, 2] -> 320
A[0, 0, 2, 4, 2, 2, 0, 0, 3] -> -400
A[0, 0, 2, 4, 2, 3, 0, 0, 2] -> -240
A[0, 0, 2, 4, 3, 0, 0, 0, 2] -> 72
A[0, 0, 2, 4, 3, 0, 0, 0, 3] -> -420
A[0, 0, 2, 4, 3, 0, 0, 0, 4] -> 384
A[0, 0, 2, 4, 3, 1, 0, 0, 2] -> -300
A[0, 0, 2, 4, 3, 1, 0, 0, 3] -> 1750
A[0, 0, 2, 4, 3, 2, 0, 0, 2] -> 480
A[0, 0, 2, 4, 4, 0, 0, 0, 2] -> 96
A[0, 0, 2, 4, 4, 0, 0, 0, 3] -> -1620
A[0, 0, 2, 4, 4, 1, 0, 0, 2] -> -400
A[0, 0, 2, 4, 5, 0, 0, 0, 2] -> 120
A[0, 0, 2, 5, 0, 0, 0, 0, 1] -> -16
A[0, 0, 2, 5, 0, 0, 0, 0, 2] -> 56
A[0, 0, 2, 5, 0, 1, 0, 0, 1] -> 70
A[0, 0, 2, 5, 0, 1, 0, 0, 2] -> -280
A[0, 0, 2, 5, 0, 2, 0, 0, 1] -> -120
A[0, 0, 2, 5, 0, 2, 0, 0, 2] -> 570
A[0, 0, 2, 5, 0, 3, 0, 0, 1] -> 100
A[0, 0, 2, 5, 0, 3, 0, 0, 2] -> -600
A[0, 0, 2, 5, 0, 4, 0, 0, 1] -> -40
A[0, 0, 2, 5, 0, 4, 0, 0, 2] -> 340
A[0, 0, 2, 5, 0, 5, 0, 0, 1] -> 6
A[0, 0, 2, 5, 1, 0, 0, 0, 1] -> -16
A[0, 0, 2, 5, 1, 0, 0, 0, 2] -> 32
A[0, 0, 2, 5, 1, 1, 0, 0, 1] -> 70
A[0, 0, 2, 5, 1, 1, 0, 0, 2] -> -140
A[0, 0, 2, 5, 1, 2, 0, 0, 1] -> -120
A[0, 0, 2, 5, 1, 2, 0, 0, 2] -> 240
A[0, 0, 2, 5, 1, 3, 0, 0, 1] -> 100
A[0, 0, 2, 5, 1, 3, 0, 0, 2] -> -200
A[0, 0, 2, 5, 1, 4, 0, 0, 1] -> -40
A[0, 0, 2, 5, 2, 0, 0, 0, 2] -> 64
A[0, 0, 2, 5, 2, 0, 0, 0, 3] -> -80
A[0, 0, 2, 5, 2, 1, 0, 0, 2] -> -280
A[0, 0, 2, 5, 2, 1, 0, 0, 3] -> 350
A[0, 0, 2, 5, 2, 2, 0, 0, 2] -> 480
A[0, 0, 2, 5, 3, 0, 0, 0, 2] -> 96
A[0, 0, 2, 5, 3, 0, 0, 0, 3] -> -560
A[0, 0, 2, 5, 3, 1, 0, 0, 2] -> -420
A[0, 0, 2, 5, 4, 0, 0, 0, 2] -> 128
A[0, 0, 2, 6, 0, 0, 0, 0, 1] -> -20
A[0, 0, 2, 6, 0, 0, 0, 0, 2] -> 140
A[0, 0, 2, 6, 0, 1, 0, 0, 1] -> 90
A[0, 0, 2, 6, 0, 1, 0, 0, 2] -> -810
A[0, 0, 2, 6, 0, 2, 0, 0, 1] -> -160
A[0, 0, 2, 6, 0, 2, 0, 0, 2] -> 2000
A[0, 0, 2, 6, 0, 3, 0, 0, 1] -> 140
A[0, 0, 2, 6, 0, 3, 0, 0, 2] -> -2730
A[0, 0, 2, 6, 0, 4, 0, 0, 1] -> -60
A[0, 0, 2, 6, 1, 0, 0, 0, 1] -> -20
A[0, 0, 2, 6, 1, 0, 0, 0, 2] -> 40
A[0, 0, 2, 6, 1, 1, 0, 0, 1] -> 90
A[0, 0, 2, 6, 1, 1, 0, 0, 2] -> -180
A[0, 0, 2, 6, 1, 2, 0, 0, 1] -> -160
A[0, 0, 2, 6, 1, 2, 0, 0, 2] -> 320
A[0, 0, 2, 6, 1, 3, 0, 0, 1] -> 140
A[0, 0, 2, 6, 2, 0, 0, 0, 2] -> 80
A[0, 0, 2, 6, 2, 0, 0, 0, 3] -> -100
A[0, 0, 2, 6, 2, 1, 0, 0, 2] -> -360
A[0, 0, 2, 6, 3, 0, 0, 0, 2] -> 120
A[0, 0, 2, 7, 0, 0, 0, 0, 1] -> -24
A[0, 0, 2, 7, 0, 0, 0, 0, 2] -> 324
A[0, 0, 2, 7, 0, 1, 0, 0, 1] -> 110
A[0, 0, 2, 7, 0, 1, 0, 0, 2] -> -2090
A[0, 0, 2, 7, 0, 2, 0, 0, 1] -> -200
A[0, 0, 2, 7, 0, 2, 0, 0, 2] -> 5850
A[0, 0, 2, 7, 0, 3, 0, 0, 1] -> 180
A[0, 0, 2, 7, 1, 0, 0, 0, 1] -> -24
A[0, 0, 2, 7, 1, 0, 0, 0, 2] -> 48
A[0, 0, 2, 7, 1, 1, 0, 0, 1] -> 110
A[0, 0, 2, 7, 1, 1, 0, 0, 2] -> -220
A[0, 0, 2, 7, 1, 2, 0, 0, 1] -> -200
A[0, 0, 2, 7, 2, 0, 0, 0, 2] -> 96
A[0, 0, 2, 8, 0, 0, 0, 0, 1] -> -28
A[0, 0, 2, 8, 0, 0, 0, 0, 2] -> 686
A[0, 0, 2, 8, 0, 1, 0, 0, 1] -> 130
A[0, 0, 2, 8, 0, 1, 0, 0, 2] -> -4745
A[0, 0, 2, 8, 0, 2, 0, 0, 1] -> -240
A[0, 0, 2, 8, 1, 0, 0, 0, 1] -> -28
A[0, 0, 2, 8, 1, 0, 0, 0, 2] -> 56
A[0, 0, 2, 8, 1, 1, 0, 0, 1] -> 130
A[0, 0, 2, 9, 0, 0, 0, 0, 1] -> -32
A[0, 0, 2, 9, 0, 0, 0, 0, 2] -> 1328
A[0, 0, 2, 9, 0, 1, 0, 0, 1] -> 150
A[0, 0, 2, 9, 1, 0, 0, 0, 1] -> -32
A[0, 0, 2, 10, 0, 0, 0, 0, 1] -> -36
A[0, 0, 3, 0, 0, 0, 0, 0, 1] -> -7
A[0, 0, 3, 0, 0, 0, 0, 0, 2] -> 32
A[0, 0, 3, 0, 0, 0, 0, 0, 3] -> -27
A[0, 0, 3, 0, 1, 0, 0, 0, 1] -> -12
A[0, 0, 3, 0, 1, 0, 0, 0, 2] -> 70
A[0, 0, 3, 0, 1, 0, 0, 0, 3] -> -64
A[0, 0, 3, 0, 2, 0, 0, 0, 1] -> -15
A[0, 0, 3, 0, 2, 0, 0, 0, 2] -> 126
A[0, 0, 3, 0, 2, 0, 0, 0, 3] -> -266
A[0, 0, 3, 0, 2, 0, 0, 0, 4] -> 160
A[0, 0, 3, 0, 3, 0, 0, 0, 1] -> -16
A[0, 0, 3, 0, 3, 0, 0, 0, 2] -> 300
A[0, 0, 3, 0, 3, 0, 0, 0, 3] -> -1332
A[0, 0, 3, 0, 3, 0, 0, 0, 4] -> 2058
A[0, 0, 3, 0, 3, 0, 0, 0, 5] -> -1024
A[0, 0, 3, 0, 4, 0, 0, 0, 1] -> -24
A[0, 0, 3, 0, 4, 0, 0, 0, 2] -> 784
A[0, 0, 3, 0, 4, 0, 0, 0, 3] -> -6260
A[0, 0, 3, 0, 4, 0, 0, 0, 4] -> 18270
A[0, 0, 3, 0, 4, 0, 0, 0, 5] -> -21875
A[0, 0, 3, 0, 4, 0, 0, 0, 6] -> 9152
A[0, 0, 3, 0, 5, 0, 0, 0, 1] -> -32
A[0, 0, 3, 0, 5, 0, 0, 0, 2] -> 2052
A[0, 0, 3, 0, 5, 0, 0, 0, 3] -> -26880
A[0, 0, 3, 0, 5, 0, 0, 0, 4] -> 129910
A[0, 0, 3, 0, 5, 0, 0, 0, 5] -> -278640
A[0, 0, 3, 0, 6, 0, 0, 0, 1] -> -40
A[0, 0, 3, 0, 6, 0, 0, 0, 2] -> 4928
A[0, 0, 3, 0, 6, 0, 0, 0, 3] -> -104454
A[0, 0, 3, 0, 6, 0, 0, 0, 4] -> 782028
A[0, 0, 3, 0, 7, 0, 0, 0, 1] -> -48
A[0, 0, 3, 0, 7, 0, 0, 0, 2] -> 10686
A[0, 0, 3, 0, 7, 0, 0, 0, 3] -> -361536
A[0, 0, 3, 0, 8, 0, 0, 0, 1] -> -56
A[0, 0, 3, 0, 8, 0, 0, 0, 2] -> 21150
A[0, 0, 3, 0, 9, 0, 0, 0, 1] -> -64
A[0, 0, 3, 1, 0, 0, 0, 0, 1] -> -12
A[0, 0, 3, 1, 0, 0, 0, 0, 2] -> 70
A[0, 0, 3, 1, 0, 0, 0, 0, 3] -> -64
A[0, 0, 3, 1, 0, 1, 0, 0, 1] -> 30
A[0, 0, 3, 1, 0, 1, 0, 0, 2] -> -175
A[0, 0, 3, 1, 0, 1, 0, 0, 3] -> 160
A[0, 0, 3, 1, 1, 0, 0, 0, 1] -> -20
A[0, 0, 3, 1, 1, 0, 0, 0, 2] -> 144
A[0, 0, 3, 1, 1, 0, 0, 0, 3] -> -140
A[0, 0, 3, 1, 1, 1, 0, 0, 1] -> 50
A[0, 0, 3, 1, 1, 1, 0, 0, 2] -> -360
A[0, 0, 3, 1, 1, 1, 0, 0, 3] -> 350
A[0, 0, 3, 1, 2, 0, 0, 0, 1] -> -24
A[0, 0, 3, 1, 2, 0, 0, 0, 2] -> 240
A[0, 0, 3, 1, 2, 0, 0, 0, 3] -> -552
A[0, 0, 3, 1, 2, 0, 0, 0, 4] -> 350
A[0, 0, 3, 1, 2, 1, 0, 0, 1] -> 60
A[0, 0, 3, 1, 2, 1, 0, 0, 2] -> -600
A[0, 0, 3, 1, 2, 1, 0, 0, 3] -> 1380
A[0, 0, 3, 1, 2, 1, 0, 0, 4] -> -875
A[0, 0, 3, 1, 3, 0, 0, 0, 1] -> -24
A[0, 0, 3, 1, 3, 0, 0, 0, 2] -> 560
A[0, 0, 3, 1, 3, 0, 0, 0, 3] -> -2700
A[0, 0, 3, 1, 3, 0, 0, 0, 4] -> 4368
A[0, 0, 3, 1, 3, 0, 0, 0, 5] -> -2240
A[0, 0, 3, 1, 3, 1, 0, 0, 1] -> 60
A[0, 0, 3, 1, 3, 1, 0, 0, 2] -> -1400
A[0, 0, 3, 1, 3, 1, 0, 0, 3] -> 6750
A[0, 0, 3, 1, 3, 1, 0, 0, 4] -> -10920
A[0, 0, 3, 1, 3, 1, 0, 0, 5] -> 5600
A[0, 0, 3, 1, 4, 0, 0, 0, 1] -> -36
A[0, 0, 3, 1, 4, 0, 0, 0, 2] -> 1470
A[0, 0, 3, 1, 4, 0, 0, 0, 3] -> -12672
A[0, 0, 3, 1, 4, 0, 0, 0, 4] -> 38430
A[0, 0, 3, 1, 4, 0, 0, 0, 5] -> -47100
A[0, 0, 3, 1, 4, 1, 0, 0, 1] -> 90
A[0, 0, 3, 1, 4, 1, 0, 0, 2] -> -3675
A[0, 0, 3, 1, 4, 1, 0, 0, 3] -> 31680
A[0, 0, 3, 1, 4, 1, 0, 0, 4] -> -96075
A[0, 0, 3, 1, 5, 0, 0, 0, 1] -> -48
A[0, 0, 3, 1, 5, 0, 0, 0, 2] -> 3906
A[0, 0, 3, 1, 5, 0, 0, 0, 3] -> -55140
A[0, 0, 3, 1, 5, 0, 0, 0, 4] -> 275132
A[0, 0, 3, 1, 5, 1, 0, 0, 1] -> 120
A[0, 0, 3, 1, 5, 1, 0, 0, 2] -> -9765
A[0, 0, 3, 1, 5, 1, 0, 0, 3] -> 137850
A[0, 0, 3, 1, 6, 0, 0, 0, 1] -> -60
A[0, 0, 3, 1, 6, 0, 0, 0, 2] -> 9504
A[0, 0, 3, 1, 6, 0, 0, 0, 3] -> -218232
A[0, 0, 3, 1, 6, 1, 0, 0, 1] -> 150
A[0, 0, 3, 1, 6, 1, 0, 0, 2] -> -23760
A[0, 0, 3, 1, 7, 0, 0, 0, 1] -> -72
A[0, 0, 3, 1, 7, 0, 0, 0, 2] -> 20800
A[0, 0, 3, 1, 7, 1, 0, 0, 1] -> 180
A[0, 0, 3, 1, 8, 0, 0, 0, 1] -> -84
A[0, 0, 3, 2, 0, 0, 0, 0, 1] -> -15
A[0, 0, 3, 2, 0, 0, 0, 0, 2] -> 96
A[0, 0, 3, 2, 0, 0, 0, 0, 3] -> -91
A[0, 0, 3, 2, 0, 1, 0, 0, 1] -> 50
A[0, 0, 3, 2, 0, 1, 0, 0, 2] -> -360
A[0, 0, 3, 2, 0, 1, 0, 0, 3] -> 350
A[0, 0, 3, 2, 0, 2, 0, 0, 1] -> -50
A[0, 0, 3, 2, 0, 2, 0, 0, 2] -> 390
A[0, 0, 3, 2, 0, 2, 0, 0, 3] -> -385
A[0, 0, 3, 2, 1, 0, 0, 0, 1] -> -24
A[0, 0, 3, 2, 1, 0, 0, 0, 2] -> 190
A[0, 0, 3, 2, 1, 0, 0, 0, 3] -> -192
A[0, 0, 3, 2, 1, 1, 0, 0, 1] -> 80
A[0, 0, 3, 2, 1, 1, 0, 0, 2] -> -700
A[0, 0, 3, 2, 1, 1, 0, 0, 3] -> 720
A[0, 0, 3, 2, 1, 2, 0, 0, 1] -> -80
A[0, 0, 3, 2, 1, 2, 0, 0, 2] -> 750
A[0, 0, 3, 2, 1, 2, 0, 0, 3] -> -780
A[0, 0, 3, 2, 2, 0, 0, 0, 1] -> -27
A[0, 0, 3, 2, 2, 0, 0, 0, 2] -> 300
A[0, 0, 3, 2, 2, 0, 0, 0, 3] -> -730
A[0, 0, 3, 2, 2, 0, 0, 0, 4] -> 480
A[0, 0, 3, 2, 2, 1, 0, 0, 1] -> 90
A[0, 0, 3, 2, 2, 1, 0, 0, 2] -> -1080
A[0, 0, 3, 2, 2, 1, 0, 0, 3] -> 2700
A[0, 0, 3, 2, 2, 1, 0, 0, 4] -> -1800
A[0, 0, 3, 2, 2, 2, 0, 0, 1] -> -90
A[0, 0, 3, 2, 2, 2, 0, 0, 2] -> 1140
A[0, 0, 3, 2, 2, 2, 0, 0, 3] -> -2900
A[0, 0, 3, 2, 2, 2, 0, 0, 4] -> 1950
A[0, 0, 3, 2, 3, 0, 0, 0, 1] -> -24
A[0, 0, 3, 2, 3, 0, 0, 0, 2] -> 660
A[0, 0, 3, 2, 3, 0, 0, 0, 3] -> -3432
A[0, 0, 3, 2, 3, 0, 0, 0, 4] -> 5810
A[0, 0, 3, 2, 3, 0, 0, 0, 5] -> -3072
A[0, 0, 3, 2, 3, 1, 0, 0, 1] -> 80
A[0, 0, 3, 2, 3, 1, 0, 0, 2] -> -2400
A[0, 0, 3, 2, 3, 1, 0, 0, 3] -> 12720
A[0, 0, 3, 2, 3, 1, 0, 0, 4] -> -21700
A[0, 0, 3, 2, 3, 2, 0, 0, 1] -> -80
A[0, 0, 3, 2, 3, 2, 0, 0, 2] -> 2550
A[0, 0, 3, 2, 3, 2, 0, 0, 3] -> -13680
A[0, 0, 3, 2, 4, 0, 0, 0, 1] -> -36
A[0, 0, 3, 2, 4, 0, 0, 0, 2] -> 1610
A[0, 0, 3, 2, 4, 0, 0, 0, 3] -> -15300
A[0, 0, 3, 2, 4, 0, 0, 0, 4] -> 49320
A[0, 0, 3, 2, 4, 1, 0, 0, 1] -> 120
A[0, 0, 3, 2, 4, 1, 0, 0, 2] -> -6020
A[0, 0, 3, 2, 4, 1, 0, 0, 3] -> 57720
A[0, 0, 3, 2, 4, 1, 0, 1, 0] -> 2
A[0, 0, 3, 2, 4, 2, 0, 0, 1] -> -120
A[0, 0, 3, 2, 4, 2, 0, 0, 2] -> 6510
A[0, 0, 3, 2, 5, 0, 0, 0, 1] -> -48
A[0, 0, 3, 2, 5, 0, 0, 0, 2] -> 4086
A[0, 0, 3, 2, 5, 0, 0, 0, 3] -> -62760
A[0, 0, 3, 2, 5, 1, 0, 0, 1] -> 160
A[0, 0, 3, 2, 5, 1, 0, 0, 2] -> -15660
A[0, 0, 3, 2, 5, 2, 0, 0, 1] -> -160
A[0, 0, 3, 2, 6, 0, 0, 0, 1] -> -60
A[0, 0, 3, 2, 6, 0, 0, 0, 2] -> 9724
A[0, 0, 3, 2, 6, 1, 0, 0, 1] -> 200
A[0, 0, 3, 2, 7, 0, 0, 0, 1] -> -72
A[0, 0, 3, 3, 0, 0, 0, 0, 1] -> -16
A[0, 0, 3, 3, 0, 0, 0, 0, 2] -> 110
A[0, 0, 3, 3, 0, 0, 0, 0, 3] -> -108
A[0, 0, 3, 3, 0, 1, 0, 0, 1] -> 60
A[0, 0, 3, 3, 0, 1, 0, 0, 2] -> -475
A[0, 0, 3, 3, 0, 1, 0, 0, 3] -> 480
A[0, 0, 3, 3, 0, 2, 0, 0, 1] -> -80
A[0, 0, 3, 3, 0, 2, 0, 0, 2] -> 750
A[0, 0, 3, 3, 0, 2, 0, 0, 3] -> -780
A[0, 0, 3, 3, 0, 3, 0, 0, 1] -> 40
A[0, 0, 3, 3, 0, 3, 0, 0, 2] -> -450
A[0, 0, 3, 3, 0, 3, 0, 0, 3] -> 480
A[0, 0, 3, 3, 1, 0, 0, 0, 1] -> -24
A[0, 0, 3, 3, 1, 0, 0, 0, 2] -> 208
A[0, 0, 3, 3, 1, 0, 0, 0, 3] -> -220
A[0, 0, 3, 3, 1, 1, 0, 0, 1] -> 90
A[0, 0, 3, 3, 1, 1, 0, 0, 2] -> -880
A[0, 0, 3, 3, 1, 1, 0, 0, 3] -> 950
A[0, 0, 3, 3, 1, 2, 0, 0, 1] -> -120
A[0, 0, 3, 3, 1, 2, 0, 0, 2] -> 1360
A[0, 0, 3, 3, 1, 2, 0, 0, 3] -> -1500
A[0, 0, 3, 3, 1, 3, 0, 0, 1] -> 60
A[0, 0, 3, 3, 1, 3, 0, 0, 2] -> -800
A[0, 0, 3, 3, 1, 3, 0, 0, 3] -> 900
A[0, 0, 3, 3, 2, 0, 0, 0, 1] -> -24
A[0, 0, 3, 3, 2, 0, 0, 0, 2] -> 306
A[0, 0, 3, 3, 2, 0, 0, 0, 3] -> -800
A[0, 0, 3, 3, 2, 0, 0, 0, 4] -> 550
A[0, 0, 3, 3, 2, 1, 0, 0, 1] -> 90
A[0, 0, 3, 3, 2, 1, 0, 0, 2] -> -1260
A[0, 0, 3, 3, 2, 1, 0, 0, 3] -> 3400
A[0, 0, 3, 3, 2, 1, 0, 0, 4] -> -2375
A[0, 0, 3, 3, 2, 2, 0, 0, 1] -> -120
A[0, 0, 3, 3, 2, 2, 0, 0, 2] -> 1890
A[0, 0, 3, 3, 2, 2, 0, 0, 3] -> -5280
A[0, 0, 3, 3, 2, 3, 0, 0, 1] -> 60
A[0, 0, 3, 3, 2, 3, 0, 0, 2] -> -1080
A[0, 0, 3, 3, 3, 0, 0, 0, 1] -> -16
A[0, 0, 3, 3, 3, 0, 0, 0, 2] -> 600
A[0, 0, 3, 3, 3, 0, 0, 0, 3] -> -3528
A[0, 0, 3, 3, 3, 0, 0, 0, 4] -> 6384
A[0, 0, 3, 3, 3, 1, 0, 0, 1] -> 60
A[0, 0, 3, 3, 3, 1, 0, 0, 2] -> -2500
A[0, 0, 3, 3, 3, 1, 0, 0, 3] -> 15030
A[0, 0, 3, 3, 3, 2, 0, 0, 1] -> -80
A[0, 0, 3, 3, 3, 2, 0, 0, 2] -> 3800
A[0, 0, 3, 3, 3, 3, 0, 0, 1] -> 40
A[0, 0, 3, 3, 4, 0, 0, 0, 1] -> -24
A[0, 0, 3, 3, 4, 0, 0, 0, 2] -> 1204
A[0, 0, 3, 3, 4, 0, 0, 0, 3] -> -14144
A[0, 0, 3, 3, 4, 1, 0, 0, 1] -> 90
A[0, 0, 3, 3, 4, 1, 0, 0, 2] -> -5215
A[0, 0, 3, 3, 4, 2, 0, 0, 1] -> -120
A[0, 0, 3, 3, 5, 0, 0, 0, 1] -> -32
A[0, 0, 3, 3, 5, 0, 0, 0, 2] -> 2592
A[0, 0, 3, 3, 5, 1, 0, 0, 1] -> 120
A[0, 0, 3, 3, 6, 0, 0, 0, 1] -> -40
A[0, 0, 3, 4, 0, 0, 0, 0, 1] -> -15
A[0, 0, 3, 4, 0, 0, 0, 0, 2] -> 140
A[0, 0, 3, 4, 0, 0, 0, 0, 3] -> -150
A[0, 0, 3, 4, 0, 1, 0, 0, 1] -> 60
A[0, 0, 3, 4, 0, 1, 0, 0, 2] -> -640
A[0, 0, 3, 4, 0, 1, 0, 0, 3] -> 700
A[0, 0, 3, 4, 0, 2, 0, 0, 1] -> -90
A[0, 0, 3, 4, 0, 2, 0, 0, 2] -> 1140
A[0, 0, 3, 4, 0, 2, 0, 0, 3] -> -1275
A[0, 0, 3, 4, 0, 3, 0, 0, 1] -> 60
A[0, 0, 3, 4, 0, 3, 0, 0, 2] -> -960
A[0, 0, 3, 4, 0, 3, 0, 0, 3] -> 1100
A[0, 0, 3, 4, 0, 4, 0, 0, 1] -> -15
A[0, 0, 3, 4, 0, 4, 0, 0, 2] -> 340
A[0, 0, 3, 4, 1, 0, 0, 0, 1] -> -20
A[0, 0, 3, 4, 1, 0, 0, 0, 2] -> 240
A[0, 0, 3, 4, 1, 0, 0, 0, 3] -> -280
A[0, 0, 3, 4, 1, 1, 0, 0, 1] -> 80
A[0, 0, 3, 4, 1, 1, 0, 0, 2] -> -1080
A[0, 0, 3, 4, 1, 1, 0, 0, 3] -> 1280
A[0, 0, 3, 4, 1, 2, 0, 0, 1] -> -120
A[0, 0, 3, 4, 1, 2, 0, 0, 2] -> 1890
A[0, 0, 3, 4, 1, 2, 0, 0, 3] -> -2280
A[0, 0, 3, 4, 1, 3, 0, 0, 1] -> 80
A[0, 0, 3, 4, 1, 3, 0, 0, 2] -> -1560
A[0, 0, 3, 4, 1, 4, 0, 0, 1] -> -20
A[0, 0, 3, 4, 2, 0, 0, 0, 1] -> -15
A[0, 0, 3, 4, 2, 0, 0, 0, 2] -> 300
A[0, 0, 3, 4, 2, 0, 0, 0, 3] -> -930
A[0, 0, 3, 4, 2, 0, 0, 0, 4] -> 700
A[0, 0, 3, 4, 2, 1, 0, 0, 1] -> 60
A[0, 0, 3, 4, 2, 1, 0, 0, 2] -> -1320
A[0, 0, 3, 4, 2, 1, 0, 0, 3] -> 4200
A[0, 0, 3, 4, 2, 2, 0, 0, 1] -> -90
A[0, 0, 3, 4, 2, 2, 0, 0, 2] -> 2250
A[0, 0, 3, 4, 2, 3, 0, 0, 1] -> 60
A[0, 0, 3, 4, 3, 0, 0, 0, 2] -> 500
A[0, 0, 3, 4, 3, 0, 0, 0, 3] -> -3720
A[0, 0, 3, 4, 3, 1, 0, 0, 2] -> -2200
A[0, 0, 3, 4, 4, 0, 0, 0, 2] -> 700
A[0, 0, 3, 5, 0, 0, 0, 0, 1] -> -21
A[0, 0, 3, 5, 0, 0, 0, 0, 2] -> 252
A[0, 0, 3, 5, 0, 0, 0, 0, 3] -> -294
A[0, 0, 3, 5, 0, 1, 0, 0, 1] -> 90
A[0, 0, 3, 5, 0, 1, 0, 0, 2] -> -1260
A[0, 0, 3, 5, 0, 1, 0, 0, 3] -> 1500
A[0, 0, 3, 5, 0, 2, 0, 0, 1] -> -150
A[0, 0, 3, 5, 0, 2, 0, 0, 2] -> 2550
A[0, 0, 3, 5, 0, 2, 0, 0, 3] -> -3100
A[0, 0, 3, 5, 0, 3, 0, 0, 1] -> 120
A[0, 0, 3, 5, 0, 3, 0, 0, 2] -> -2640
A[0, 0, 3, 5, 0, 4, 0, 0, 1] -> -45
A[0, 0, 3, 5, 1, 0, 0, 0, 1] -> -28
A[0, 0, 3, 5, 1, 0, 0, 0, 2] -> 392
A[0, 0, 3, 5, 1, 0, 0, 0, 3] -> -504
A[0, 0, 3, 5, 1, 1, 0, 0, 1] -> 120
A[0, 0, 3, 5, 1, 1, 0, 0, 2] -> -1920
A[0, 0, 3, 5, 1, 1, 0, 0, 3] -> 2520
A[0, 0, 3, 5, 1, 2, 0, 0, 1] -> -200
A[0, 0, 3, 5, 1, 2, 0, 0, 2] -> 3800
A[0, 0, 3, 5, 1, 3, 0, 0, 1] -> 160
A[0, 0, 3, 5, 2, 0, 0, 0, 1] -> -21
A[0, 0, 3, 5, 2, 0, 0, 0, 2] -> 420
A[0, 0, 3, 5, 2, 0, 0, 0, 3] -> -1526
A[0, 0, 3, 5, 2, 1, 0, 0, 1] -> 90
A[0, 0, 3, 5, 2, 1, 0, 0, 2] -> -1980
A[0, 0, 3, 5, 2, 2, 0, 0, 1] -> -150
A[0, 0, 3, 5, 3, 0, 0, 0, 2] -> 700
A[0, 0, 3, 6, 0, 0, 0, 0, 1] -> -27
A[0, 0, 3, 6, 0, 0, 0, 0, 2] -> 504
A[0, 0, 3, 6, 0, 0, 0, 0, 3] -> -675
A[0, 0, 3, 6, 0, 1, 0, 0, 1] -> 120
A[0, 0, 3, 6, 0, 1, 0, 0, 2] -> -2800
A[0, 0, 3, 6, 0, 1, 0, 0, 3] -> 3840
A[0, 0, 3, 6, 0, 2, 0, 0, 1] -> -210
A[0, 0, 3, 6, 0, 2, 0, 0, 2] -> 6510
A[0, 0, 3, 6, 0, 3, 0, 0, 1] -> 180
A[0, 0, 3, 6, 1, 0, 0, 0, 1] -> -36
A[0, 0, 3, 6, 1, 0, 0, 0, 2] -> 684
A[0, 0, 3, 6, 1, 0, 0, 0, 3] -> -1008
A[0, 0, 3, 6, 1, 1, 0, 0, 1] -> 160
A[0, 0, 3, 6, 1, 1, 0, 0, 2] -> -3680
A[0, 0, 3, 6, 1, 2, 0, 0, 1] -> -280
A[0, 0, 3, 6, 2, 0, 0, 0, 1] -> -27
A[0, 0, 3, 6, 2, 0, 0, 0, 2] -> 540
A[0, 0, 3, 6, 2, 1, 0, 0, 1] -> 120
A[0, 0, 3, 7, 0, 0, 0, 0, 1] -> -33
A[0, 0, 3, 7, 0, 0, 0, 0, 2] -> 1056
A[0, 0, 3, 7, 0, 0, 0, 0, 3] -> -1738
A[0, 0, 3, 7, 0, 1, 0, 0, 1] -> 150
A[0, 0, 3, 7, 0, 1, 0, 0, 2] -> -6500
A[0, 0, 3, 7, 0, 2, 0, 0, 1] -> -270
A[0, 0, 3, 7, 1, 0, 0, 0, 1] -> -44
A[0, 0, 3, 7, 1, 0, 0, 0, 2] -> 1276
A[0, 0, 3, 7, 1, 1, 0, 0, 1] -> 200
A[0, 0, 3, 7, 2, 0, 0, 0, 1] -> -33
A[0, 0, 3, 8, 0, 0, 0, 0, 1] -> -39
A[0, 0, 3, 8, 0, 0, 0, 0, 2] -> 2158
A[0, 0, 3, 8, 0, 1, 0, 0, 1] -> 180
A[0, 0, 3, 8, 1, 0, 0, 0, 1] -> -52
A[0, 0, 3, 9, 0, 0, 0, 0, 1] -> -45
A[0, 0, 4, 0, 0, 0, 0, 0, 1] -> -9
A[0, 0, 4, 0, 0, 0, 0, 0, 2] -> 110
A[0, 0, 4, 0, 0, 0, 0, 0, 3] -> -286
A[0, 0, 4, 0, 0, 0, 0, 0, 4] -> 192
A[0, 0, 4, 0, 1, 0, 0, 0, 1] -> -16
A[0, 0, 4, 0, 1, 0, 0, 0, 2] -> 270
A[0, 0, 4, 0, 1, 0, 0, 0, 3] -> -800
A[0, 0, 4, 0, 1, 0, 0, 0, 4] -> 572
A[0, 0, 4, 0, 2, 0, 0, 0, 1] -> -21
A[0, 0, 4, 0, 2, 0, 0, 0, 2] -> 456
A[0, 0, 4, 0, 2, 0, 0, 0, 3] -> -1998
A[0, 0, 4, 0, 2, 0, 0, 0, 4] -> 2980
A[0, 0, 4, 0, 2, 0, 0, 0, 5] -> -1430
A[0, 0, 4, 0, 3, 0, 0, 0, 1] -> -24
A[0, 0, 4, 0, 3, 0, 0, 0, 2] -> 784
A[0, 0, 4, 0, 3, 0, 0, 0, 3] -> -6260
A[0, 0, 4, 0, 3, 0, 0, 0, 4] -> 18270
A[0, 0, 4, 0, 3, 0, 0, 0, 5] -> -21875
A[0, 0, 4, 0, 3, 0, 0, 0, 6] -> 9152
A[0, 0, 4, 0, 4, 0, 0, 0, 1] -> -25
A[0, 0, 4, 0, 4, 0, 0, 0, 2] -> 1584
A[0, 0, 4, 0, 4, 0, 0, 0, 3] -> -21070
A[0, 0, 4, 0, 4, 0, 0, 0, 4] -> 103872
A[0, 0, 4, 0, 4, 0, 0, 0, 5] -> -227043
A[0, 0, 4, 0, 5, 0, 0, 0, 1] -> -35
A[0, 0, 4, 0, 5, 0, 0, 0, 2] -> 3360
A[0, 0, 4, 0, 5, 0, 0, 0, 3] -> -70362
A[0, 0, 4, 0, 5, 0, 0, 0, 4] -> 536620
A[0, 0, 4, 0, 6, 0, 0, 0, 1] -> -45
A[0, 0, 4, 0, 6, 0, 0, 0, 2] -> 7260
A[0, 0, 4, 0, 6, 0, 0, 0, 3] -> -226160
A[0, 0, 4, 0, 7, 0, 0, 0, 1] -> -55
A[0, 0, 4, 0, 7, 0, 0, 0, 2] -> 15120
A[0, 0, 4, 0, 8, 0, 0, 0, 1] -> -65
A[0, 0, 4, 1, 0, 0, 0, 0, 1] -> -16
A[0, 0, 4, 1, 0, 0, 0, 0, 2] -> 270
A[0, 0, 4, 1, 0, 0, 0, 0, 3] -> -800
A[0, 0, 4, 1, 0, 0, 0, 0, 4] -> 572
A[0, 0, 4, 1, 0, 1, 0, 0, 1] -> 40
A[0, 0, 4, 1, 0, 1, 0, 0, 2] -> -675
A[0, 0, 4, 1, 0, 1, 0, 0, 3] -> 2000
A[0, 0, 4, 1, 0, 1, 0, 0, 4] -> -1430
A[0, 0, 4, 1, 1, 0, 0, 0, 1] -> -28
A[0, 0, 4, 1, 1, 0, 0, 0, 2] -> 640
A[0, 0, 4, 1, 1, 0, 0, 0, 3] -> -2124
A[0, 0, 4, 1, 1, 0, 0, 0, 4] -> 1600
A[0, 0, 4, 1, 1, 1, 0, 0, 1] -> 70
A[0, 0, 4, 1, 1, 1, 0, 0, 2] -> -1600
A[0, 0, 4, 1, 1, 1, 0, 0, 3] -> 5310
A[0, 0, 4, 1, 1, 1, 0, 0, 4] -> -4000
A[0, 0, 4, 1, 2, 0, 0, 0, 1] -> -36
A[0, 0, 4, 1, 2, 0, 0, 0, 2] -> 1022
A[0, 0, 4, 1, 2, 0, 0, 0, 3] -> -4992
A[0, 0, 4, 1, 2, 0, 0, 0, 4] -> 7956
A[0, 0, 4, 1, 2, 0, 0, 0, 5] -> -4000
A[0, 0, 4, 1, 2, 1, 0, 0, 1] -> 90
A[0, 0, 4, 1, 2, 1, 0, 0, 2] -> -2555
A[0, 0, 4, 1, 2, 1, 0, 0, 3] -> 12480
A[0, 0, 4, 1, 2, 1, 0, 0, 4] -> -19890
A[0, 0, 4, 1, 2, 1, 0, 0, 5] -> 10000
A[0, 0, 4, 1, 3, 0, 0, 0, 1] -> -40
A[0, 0, 4, 1, 3, 0, 0, 0, 2] -> 1680
A[0, 0, 4, 1, 3, 0, 0, 0, 3] -> -15120
A[0, 0, 4, 1, 3, 0, 0, 0, 4] -> 47264
A[0, 0, 4, 1, 3, 0, 0, 0, 5] -> -59220
A[0, 0, 4, 1, 3, 1, 0, 0, 1] -> 100
A[0, 0, 4, 1, 3, 1, 0, 0, 2] -> -4200
A[0, 0, 4, 1, 3, 1, 0, 0, 3] -> 37800
A[0, 0, 4, 1, 3, 1, 0, 0, 4] -> -118160
A[0, 0, 4, 1, 4, 0, 0, 0, 1] -> -40
A[0, 0, 4, 1, 4, 0, 0, 0, 2] -> 3360
A[0, 0, 4, 1, 4, 0, 0, 0, 3] -> -50148
A[0, 0, 4, 1, 4, 0, 0, 0, 4] -> 264040
A[0, 0, 4, 1, 4, 1, 0, 0, 1] -> 100
A[0, 0, 4, 1, 4, 1, 0, 0, 2] -> -8400
A[0, 0, 4, 1, 4, 1, 0, 0, 3] -> 125370
A[0, 0, 4, 1, 5, 0, 0, 0, 1] -> -56
A[0, 0, 4, 1, 5, 0, 0, 0, 2] -> 7168
A[0, 0, 4, 1, 5, 0, 0, 0, 3] -> -167580
A[0, 0, 4, 1, 5, 1, 0, 0, 1] -> 140
A[0, 0, 4, 1, 5, 1, 0, 0, 2] -> -17920
A[0, 0, 4, 1, 6, 0, 0, 0, 1] -> -72
A[0, 0, 4, 1, 6, 0, 0, 0, 2] -> 15680
A[0, 0, 4, 1, 6, 1, 0, 0, 1] -> 180
A[0, 0, 4, 1, 7, 0, 0, 0, 1] -> -88
A[0, 0, 4, 2, 0, 0, 0, 0, 1] -> -21
A[0, 0, 4, 2, 0, 0, 0, 0, 2] -> 416
A[0, 0, 4, 2, 0, 0, 0, 0, 3] -> -1323
A[0, 0, 4, 2, 0, 0, 0, 0, 4] -> 980
A[0, 0, 4, 2, 0, 1, 0, 0, 1] -> 70
A[0, 0, 4, 2, 0, 1, 0, 0, 2] -> -1600
A[0, 0, 4, 2, 0, 1, 0, 0, 3] -> 5310
A[0, 0, 4, 2, 0, 1, 0, 0, 4] -> -4000
A[0, 0, 4, 2, 0, 2, 0, 0, 1] -> -70
A[0, 0, 4, 2, 0, 2, 0, 0, 2] -> 1760
A[0, 0, 4, 2, 0, 2, 0, 0, 3] -> -5985
A[0, 0, 4, 2, 0, 2, 0, 0, 4] -> 4550
A[0, 0, 4, 2, 1, 0, 0, 0, 1] -> -36
A[0, 0, 4, 2, 1, 0, 0, 0, 2] -> 952
A[0, 0, 4, 2, 1, 0, 0, 0, 3] -> -3392
A[0, 0, 4, 2, 1, 0, 0, 0, 4] -> 2646
A[0, 0, 4, 2, 1, 1, 0, 0, 1] -> 120
A[0, 0, 4, 2, 1, 1, 0, 0, 2] -> -3640
A[0, 0, 4, 2, 1, 1, 0, 0, 3] -> 13440
A[0, 0, 4, 2, 1, 1, 0, 0, 4] -> -10620
A[0, 0, 4, 2, 1, 2, 0, 0, 1] -> -120
A[0, 0, 4, 2, 1, 2, 0, 0, 2] -> 3990
A[0, 0, 4, 2, 1, 2, 0, 0, 3] -> -15040
A[0, 0, 4, 2, 1, 2, 0, 0, 4] -> 11970
A[0, 0, 4, 2, 2, 0, 0, 0, 1] -> -45
A[0, 0, 4, 2, 2, 0, 0, 0, 2] -> 1464
A[0, 0, 4, 2, 2, 0, 0, 0, 3] -> -7644
A[0, 0, 4, 2, 2, 0, 0, 0, 4] -> 12736
A[0, 0, 4, 2, 2, 0, 0, 0, 5] -> -6615
A[0, 0, 4, 2, 2, 1, 0, 0, 1] -> 150
A[0, 0, 4, 2, 2, 1, 0, 0, 2] -> -5520
A[0, 0, 4, 2, 2, 1, 0, 0, 3] -> 29820
A[0, 0, 4, 2, 2, 1, 0, 0, 4] -> -50560
A[0, 0, 4, 2, 2, 2, 0, 0, 1] -> -150
A[0, 0, 4, 2, 2, 2, 0, 0, 2] -> 6000
A[0, 0, 4, 2, 2, 2, 0, 0, 3] -> -33075
A[0, 0, 4, 2, 3, 0, 0, 0, 1] -> -48
A[0, 0, 4, 2, 3, 0, 0, 0, 2] -> 2300
A[0, 0, 4, 2, 3, 0, 0, 0, 3] -> -22410
A[0, 0, 4, 2, 3, 0, 0, 0, 4] -> 73626
A[0, 0, 4, 2, 3, 1, 0, 0, 1] -> 160
A[0, 0, 4, 2, 3, 1, 0, 0, 2] -> -8600
A[0, 0, 4, 2, 3, 1, 0, 0, 3] -> 87000
A[0, 0, 4, 2, 3, 2, 0, 0, 1] -> -160
A[0, 0, 4, 2, 3, 2, 0, 0, 2] -> 9300
A[0, 0, 4, 2, 4, 0, 0, 0, 1] -> -45
A[0, 0, 4, 2, 4, 0, 0, 0, 2] -> 4464
A[0, 0, 4, 2, 4, 0, 0, 0, 3] -> -72240
A[0, 0, 4, 2, 4, 1, 0, 0, 1] -> 150
A[0, 0, 4, 2, 4, 1, 0, 0, 2] -> -16800
A[0, 0, 4, 2, 4, 2, 0, 0, 1] -> -150
A[0, 0, 4, 2, 5, 0, 0, 0, 1] -> -63
A[0, 0, 4, 2, 5, 0, 0, 0, 2] -> 9240
A[0, 0, 4, 2, 5, 1, 0, 0, 1] -> 210
A[0, 0, 4, 2, 6, 0, 0, 0, 1] -> -81
A[0, 0, 4, 3, 0, 0, 0, 0, 1] -> -24
A[0, 0, 4, 3, 0, 0, 0, 0, 2] -> 518
A[0, 0, 4, 3, 0, 0, 0, 0, 3] -> -1744
A[0, 0, 4, 3, 0, 0, 0, 0, 4] -> 1332
A[0, 0, 4, 3, 0, 1, 0, 0, 1] -> 90
A[0, 0, 4, 3, 0, 1, 0, 0, 2] -> -2380
A[0, 0, 4, 3, 0, 1, 0, 0, 3] -> 8480
A[0, 0, 4, 3, 0, 1, 0, 0, 4] -> -6615
A[0, 0, 4, 3, 0, 2, 0, 0, 1] -> -120
A[0, 0, 4, 3, 0, 2, 0, 0, 2] -> 3990
A[0, 0, 4, 3, 0, 2, 0, 0, 3] -> -15040
A[0, 0, 4, 3, 0, 2, 0, 0, 4] -> 11970
A[0, 0, 4, 3, 0, 3, 0, 0, 1] -> 60
A[0, 0, 4, 3, 0, 3, 0, 0, 2] -> -2520
A[0, 0, 4, 3, 0, 3, 0, 0, 3] -> 9960
A[0, 0, 4, 3, 1, 0, 0, 0, 1] -> -40
A[0, 0, 4, 3, 1, 0, 0, 0, 2] -> 1152
A[0, 0, 4, 3, 1, 0, 0, 0, 3] -> -4340
A[0, 0, 4, 3, 1, 0, 0, 0, 4] -> 3488
A[0, 0, 4, 3, 1, 1, 0, 0, 1] -> 150
A[0, 0, 4, 3, 1, 1, 0, 0, 2] -> -5220
A[0, 0, 4, 3, 1, 1, 0, 0, 3] -> 20720
A[0, 0, 4, 3, 1, 1, 0, 0, 4] -> -16960
A[0, 0, 4, 3, 1, 2, 0, 0, 1] -> -200
A[0, 0, 4, 3, 1, 2, 0, 0, 2] -> 8640
A[0, 0, 4, 3, 1, 2, 0, 0, 3] -> -36120
A[0, 0, 4, 3, 1, 3, 0, 0, 1] -> 100
A[0, 0, 4, 3, 1, 3, 0, 0, 2] -> -5400
A[0, 0, 4, 3, 2, 0, 0, 0, 1] -> -48
A[0, 0, 4, 3, 2, 0, 0, 0, 2] -> 1710
A[0, 0, 4, 3, 2, 0, 0, 0, 3] -> -9432
A[0, 0, 4, 3, 2, 0, 0, 0, 4] -> 16324
A[0, 0, 4, 3, 2, 1, 0, 0, 1] -> 180
A[0, 0, 4, 3, 2, 1, 0, 0, 2] -> -7600
A[0, 0, 4, 3, 2, 1, 0, 0, 3] -> 44010
A[0, 0, 4, 3, 2, 2, 0, 0, 1] -> -240
A[0, 0, 4, 3, 2, 2, 0, 0, 2] -> 12350
A[0, 0, 4, 3, 2, 3, 0, 0, 1] -> 120
A[0, 0, 4, 3, 3, 0, 0, 0, 1] -> -48
A[0, 0, 4, 3, 3, 0, 0, 0, 2] -> 2560
A[0, 0, 4, 3, 3, 0, 0, 0, 3] -> -26700
A[0, 0, 4, 3, 3, 1, 0, 0, 1] -> 180
A[0, 0, 4, 3, 3, 1, 0, 0, 2] -> -11200
A[0, 0, 4, 3, 3, 2, 0, 0, 1] -> -240
A[0, 0, 4, 3, 4, 0, 0, 0, 1] -> -40
A[0, 0, 4, 3, 4, 0, 0, 0, 2] -> 4680
A[0, 0, 4, 3, 4, 1, 0, 0, 1] -> 150
A[0, 0, 4, 3, 5, 0, 0, 0, 1] -> -56
A[0, 0, 4, 4, 0, 0, 0, 0, 1] -> -25
A[0, 0, 4, 4, 0, 0, 0, 0, 2] -> 618
A[0, 0, 4, 4, 0, 0, 0, 0, 3] -> -2268
A[0, 0, 4, 4, 0, 0, 0, 0, 4] -> 1808
A[0, 0, 4, 4, 0, 1, 0, 0, 1] -> 100
A[0, 0, 4, 4, 0, 1, 0, 0, 2] -> -3060
A[0, 0, 4, 4, 0, 1, 0, 0, 3] -> 11900
A[0, 0, 4, 4, 0, 1, 0, 0, 4] -> -9680
A[0, 0, 4, 4, 0, 2, 0, 0, 1] -> -150
A[0, 0, 4, 4, 0, 2, 0, 0, 2] -> 6000
A[0, 0, 4, 4, 0, 2, 0, 0, 3] -> -24850
A[0, 0, 4, 4, 0, 3, 0, 0, 1] -> 100
A[0, 0, 4, 4, 0, 3, 0, 0, 2] -> -5640
A[0, 0, 4, 4, 0, 4, 0, 0, 1] -> -25
A[0, 0, 4, 4, 1, 0, 0, 0, 1] -> -40
A[0, 0, 4, 4, 1, 0, 0, 0, 2] -> 1310
A[0, 0, 4, 4, 1, 0, 0, 0, 3] -> -5400
A[0, 0, 4, 4, 1, 0, 0, 0, 4] -> 4536
A[0, 0, 4, 4, 1, 1, 0, 0, 1] -> 160
A[0, 0, 4, 4, 1, 1, 0, 0, 2] -> -6400
A[0, 0, 4, 4, 1, 1, 0, 0, 3] -> 27840
A[0, 0, 4, 4, 1, 2, 0, 0, 1] -> -240
A[0, 0, 4, 4, 1, 2, 0, 0, 2] -> 12350
A[0, 0, 4, 4, 1, 3, 0, 0, 1] -> 160
A[0, 0, 4, 4, 2, 0, 0, 0, 1] -> -45
A[0, 0, 4, 4, 2, 0, 0, 0, 2] -> 1844
A[0, 0, 4, 4, 2, 0, 0, 0, 3] -> -11100
A[0, 0, 4, 4, 2, 1, 0, 0, 1] -> 180
A[0, 0, 4, 4, 2, 1, 0, 0, 2] -> -8840
A[0, 0, 4, 4, 2, 2, 0, 0, 1] -> -270
A[0, 0, 4, 4, 3, 0, 0, 0, 1] -> -40
A[0, 0, 4, 4, 3, 0, 0, 0, 2] -> 2544
A[0, 0, 4, 4, 3, 1, 0, 0, 1] -> 160
A[0, 0, 4, 4, 4, 0, 0, 0, 1] -> -25
A[0, 0, 4, 5, 0, 0, 0, 0, 1] -> -24
A[0, 0, 4, 5, 0, 0, 0, 0, 2] -> 840
A[0, 0, 4, 5, 0, 0, 0, 0, 3] -> -3528
A[0, 0, 4, 5, 0, 0, 0, 0, 4] -> 2982
A[0, 0, 4, 5, 0, 1, 0, 0, 1] -> 100
A[0, 0, 4, 5, 0, 1, 0, 0, 2] -> -4375
A[0, 0, 4, 5, 0, 1, 0, 0, 3] -> 19500
A[0, 0, 4, 5, 0, 2, 0, 0, 1] -> -160
A[0, 0, 4, 5, 0, 2, 0, 0, 2] -> 9300
A[0, 0, 4, 5, 0, 3, 0, 0, 1] -> 120
A[0, 0, 4, 5, 1, 0, 0, 0, 1] -> -36
A[0, 0, 4, 5, 1, 0, 0, 0, 2] -> 1680
A[0, 0, 4, 5, 1, 0, 0, 0, 3] -> -7920
A[0, 0, 4, 5, 1, 1, 0, 0, 1] -> 150
A[0, 0, 4, 5, 1, 1, 0, 0, 2] -> -8600
A[0, 0, 4, 5, 1, 2, 0, 0, 1] -> -240
A[0, 0, 4, 5, 2, 0, 0, 0, 1] -> -36
A[0, 0, 4, 5, 2, 0, 0, 0, 2] -> 2160
A[0, 0, 4, 5, 2, 1, 0, 0, 1] -> 150
A[0, 0, 4, 5, 3, 0, 0, 0, 1] -> -24
A[0, 0, 4, 6, 0, 0, 0, 0, 1] -> -32
A[0, 0, 4, 6, 0, 0, 0, 0, 2] -> 1408
A[0, 0, 4, 6, 0, 0, 0, 0, 3] -> -6700
A[0, 0, 4, 6, 0, 1, 0, 0, 1] -> 140
A[0, 0, 4, 6, 0, 1, 0, 0, 2] -> -7840
A[0, 0, 4, 6, 0, 2, 0, 0, 1] -> -240
A[0, 0, 4, 6, 1, 0, 0, 0, 1] -> -48
A[0, 0, 4, 6, 1, 0, 0, 0, 2] -> 2688
A[0, 0, 4, 6, 1, 1, 0, 0, 1] -> 210
A[0, 0, 4, 6, 2, 0, 0, 0, 1] -> -48
A[0, 0, 4, 7, 0, 0, 0, 0, 1] -> -40
A[0, 0, 4, 7, 0, 0, 0, 0, 2] -> 2520
A[0, 0, 4, 7, 0, 1, 0, 0, 1] -> 180
A[0, 0, 4, 7, 1, 0, 0, 0, 1] -> -60
A[0, 0, 4, 8, 0, 0, 0, 0, 1] -> -48
A[0, 0, 5, 0, 0, 0, 0, 0, 1] -> -11
A[0, 0, 5, 0, 0, 0, 0, 0, 2] -> 288
A[0, 0, 5, 0, 0, 0, 0, 0, 3] -> -1651
A[0, 0, 5, 0, 0, 0, 0, 0, 4] -> 3038
A[0, 0, 5, 0, 0, 0, 0, 0, 5] -> -1695
A[0, 0, 5, 0, 1, 0, 0, 0, 1] -> -20
A[0, 0, 5, 0, 1, 0, 0, 0, 2] -> 770
A[0, 0, 5, 0, 1, 0, 0, 0, 3] -> -5184
A[0, 0, 5, 0, 1, 0, 0, 0, 4] -> 10374
A[0, 0, 5, 0, 1, 0, 0, 0, 5] -> -6076
A[0, 0, 5, 0, 2, 0, 0, 0, 1] -> -27
A[0, 0, 5, 0, 2, 0, 0, 0, 2] -> 1330
A[0, 0, 5, 0, 2, 0, 0, 0, 3] -> -11473
A[0, 0, 5, 0, 2, 0, 0, 0, 4] -> 33192
A[0, 0, 5, 0, 2, 0, 0, 0, 5] -> -38194
A[0, 0, 5, 0, 2, 0, 0, 0, 6] -> 15190
A[0, 0, 5, 0, 3, 0, 0, 0, 1] -> -32
A[0, 0, 5, 0, 3, 0, 0, 0, 2] -> 2052
A[0, 0, 5, 0, 3, 0, 0, 0, 3] -> -26880
A[0, 0, 5, 0, 3, 0, 0, 0, 4] -> 129910
A[0, 0, 5, 0, 3, 0, 0, 0, 5] -> -278640
A[0, 0, 5, 0, 4, 0, 0, 0, 1] -> -35
A[0, 0, 5, 0, 4, 0, 0, 0, 2] -> 3360
A[0, 0, 5, 0, 4, 0, 0, 0, 3] -> -70362
A[0, 0, 5, 0, 4, 0, 0, 0, 4] -> 536620
A[0, 0, 5, 0, 5, 0, 0, 0, 1] -> -36
A[0, 0, 5, 0, 5, 0, 0, 0, 2] -> 6076
A[0, 0, 5, 0, 5, 0, 0, 0, 3] -> -191424
A[0, 0, 5, 0, 6, 0, 0, 0, 1] -> -48
A[0, 0, 5, 0, 6, 0, 0, 0, 2] -> 11340
A[0, 0, 5, 0, 7, 0, 0, 0, 1] -> -60
A[0, 0, 5, 1, 0, 0, 0, 0, 1] -> -20
A[0, 0, 5, 1, 0, 0, 0, 0, 2] -> 770
A[0, 0, 5, 1, 0, 0, 0, 0, 3] -> -5184
A[0, 0, 5, 1, 0, 0, 0, 0, 4] -> 10374
A[0, 0, 5, 1, 0, 0, 0, 0, 5] -> -6076
A[0, 0, 5, 1, 0, 1, 0, 0, 1] -> 50
A[0, 0, 5, 1, 0, 1, 0, 0, 2] -> -1925
A[0, 0, 5, 1, 0, 1, 0, 0, 3] -> 12960
A[0, 0, 5, 1, 0, 1, 0, 0, 4] -> -25935
A[0, 0, 5, 1, 0, 1, 0, 0, 5] -> 15190
A[0, 0, 5, 1, 1, 0, 0, 0, 1] -> -36
A[0, 0, 5, 1, 1, 0, 0, 0, 2] -> 2000
A[0, 0, 5, 1, 1, 0, 0, 0, 3] -> -15664
A[0, 0, 5, 1, 1, 0, 0, 0, 4] -> 33888
A[0, 0, 5, 1, 1, 0, 0, 0, 5] -> -20748
A[0, 0, 5, 1, 1, 1, 0, 0, 1] -> 90
A[0, 0, 5, 1, 1, 1, 0, 0, 2] -> -5000
A[0, 0, 5, 1, 1, 1, 0, 0, 3] -> 39160
A[0, 0, 5, 1, 1, 1, 0, 0, 4] -> -84720
A[0, 0, 5, 1, 1, 1, 0, 0, 5] -> 51870
A[0, 0, 5, 1, 2, 0, 0, 0, 1] -> -48
A[0, 0, 5, 1, 2, 0, 0, 0, 2] -> 3330
A[0, 0, 5, 1, 2, 0, 0, 0, 3] -> -33000
A[0, 0, 5, 1, 2, 0, 0, 0, 4] -> 103158
A[0, 0, 5, 1, 2, 0, 0, 0, 5] -> -125184
A[0, 0, 5, 1, 2, 1, 0, 0, 1] -> 120
A[0, 0, 5, 1, 2, 1, 0, 0, 2] -> -8325
A[0, 0, 5, 1, 2, 1, 0, 0, 3] -> 82500
A[0, 0, 5, 1, 2, 1, 0, 0, 4] -> -257895
A[0, 0, 5, 1, 3, 0, 0, 0, 1] -> -56
A[0, 0, 5, 1, 3, 0, 0, 0, 2] -> 4928
A[0, 0, 5, 1, 3, 0, 0, 0, 3] -> -74160
A[0, 0, 5, 1, 3, 0, 0, 0, 4] -> 390000
A[0, 0, 5, 1, 3, 1, 0, 0, 1] -> 140
A[0, 0, 5, 1, 3, 1, 0, 0, 2] -> -12320
A[0, 0, 5, 1, 3, 1, 0, 0, 3] -> 185400
A[0, 0, 5, 1, 4, 0, 0, 0, 1] -> -60
A[0, 0, 5, 1, 4, 0, 0, 0, 2] -> 7840
A[0, 0, 5, 1, 4, 0, 0, 0, 3] -> -189840
A[0, 0, 5, 1, 4, 1, 0, 0, 1] -> 150
A[0, 0, 5, 1, 4, 1, 0, 0, 2] -> -19600
A[0, 0, 5, 1, 5, 0, 0, 0, 1] -> -60
A[0, 0, 5, 1, 5, 0, 0, 0, 2] -> 14112
A[0, 0, 5, 1, 5, 1, 0, 0, 1] -> 150
A[0, 0, 5, 1, 6, 0, 0, 0, 1] -> -80
A[0, 0, 5, 2, 0, 0, 0, 0, 1] -> -27
A[0, 0, 5, 2, 0, 0, 0, 0, 2] -> 1280
A[0, 0, 5, 2, 0, 0, 0, 0, 3] -> -9548
A[0, 0, 5, 2, 0, 0, 0, 0, 4] -> 20232
A[0, 0, 5, 2, 0, 0, 0, 0, 5] -> -12259
A[0, 0, 5, 2, 0, 1, 0, 0, 1] -> 90
A[0, 0, 5, 2, 0, 1, 0, 0, 2] -> -5000
A[0, 0, 5, 2, 0, 1, 0, 0, 3] -> 39160
A[0, 0, 5, 2, 0, 1, 0, 0, 4] -> -84720
A[0, 0, 5, 2, 0, 1, 0, 0, 5] -> 51870
A[0, 0, 5, 2, 0, 2, 0, 0, 1] -> -90
A[0, 0, 5, 2, 0, 2, 0, 0, 2] -> 5550
A[0, 0, 5, 2, 0, 2, 0, 0, 3] -> -44660
A[0, 0, 5, 2, 0, 2, 0, 0, 4] -> 97680
A[0, 0, 5, 2, 1, 0, 0, 0, 1] -> -48
A[0, 0, 5, 2, 1, 0, 0, 0, 2] -> 3240
A[0, 0, 5, 2, 1, 0, 0, 0, 3] -> -28000
A[0, 0, 5, 2, 1, 0, 0, 0, 4] -> 63998
A[0, 0, 5, 2, 1, 0, 0, 0, 5] -> -40464
A[0, 0, 5, 2, 1, 1, 0, 0, 1] -> 160
A[0, 0, 5, 2, 1, 1, 0, 0, 2] -> -12600
A[0, 0, 5, 2, 1, 1, 0, 0, 3] -> 114000
A[0, 0, 5, 2, 1, 1, 0, 0, 4] -> -265540
A[0, 0, 5, 2, 1, 2, 0, 0, 1] -> -160
A[0, 0, 5, 2, 1, 2, 0, 0, 2] -> 13950
A[0, 0, 5, 2, 1, 2, 0, 0, 3] -> -129500
A[0, 0, 5, 2, 2, 0, 0, 0, 1] -> -63
A[0, 0, 5, 2, 2, 0, 0, 0, 2] -> 5240
A[0, 0, 5, 2, 2, 0, 0, 0, 3] -> -56880
A[0, 0, 5, 2, 2, 0, 0, 0, 4] -> 187800
A[0, 0, 5, 2, 2, 1, 0, 0, 1] -> 210
A[0, 0, 5, 2, 2, 1, 0, 0, 2] -> -20240
A[0, 0, 5, 2, 2, 1, 0, 0, 3] -> 229140
A[0, 0, 5, 2, 2, 2, 0, 0, 1] -> -210
A[0, 0, 5, 2, 2, 2, 0, 0, 2] -> 22320
A[0, 0, 5, 2, 3, 0, 0, 0, 1] -> -72
A[0, 0, 5, 2, 3, 0, 0, 0, 2] -> 7490
A[0, 0, 5, 2, 3, 0, 0, 0, 3] -> -123456
A[0, 0, 5, 2, 3, 1, 0, 0, 1] -> 240
A[0, 0, 5, 2, 3, 1, 0, 0, 2] -> -28700
A[0, 0, 5, 2, 3, 2, 0, 0, 1] -> -240
A[0, 0, 5, 2, 4, 0, 0, 0, 1] -> -75
A[0, 0, 5, 2, 4, 0, 0, 0, 2] -> 11550
A[0, 0, 5, 2, 4, 1, 0, 0, 1] -> 250
A[0, 0, 5, 2, 5, 0, 0, 0, 1] -> -72
A[0, 0, 5, 3, 0, 0, 0, 0, 1] -> -32
A[0, 0, 5, 3, 0, 0, 0, 0, 2] -> 1710
A[0, 0, 5, 3, 0, 0, 0, 0, 3] -> -13720
A[0, 0, 5, 3, 0, 0, 0, 0, 4] -> 30382
A[0, 0, 5, 3, 0, 0, 0, 0, 5] -> -18912
A[0, 0, 5, 3, 0, 1, 0, 0, 1] -> 120
A[0, 0, 5, 3, 0, 1, 0, 0, 2] -> -8100
A[0, 0, 5, 3, 0, 1, 0, 0, 3] -> 70000
A[0, 0, 5, 3, 0, 1, 0, 0, 4] -> -159995
A[0, 0, 5, 3, 0, 2, 0, 0, 1] -> -160
A[0, 0, 5, 3, 0, 2, 0, 0, 2] -> 13950
A[0, 0, 5, 3, 0, 2, 0, 0, 3] -> -129500
A[0, 0, 5, 3, 0, 3, 0, 0, 1] -> 80
A[0, 0, 5, 3, 0, 3, 0, 0, 2] -> -9000
A[0, 0, 5, 3, 1, 0, 0, 0, 1] -> -56
A[0, 0, 5, 3, 1, 0, 0, 0, 2] -> 4224
A[0, 0, 5, 3, 1, 0, 0, 0, 3] -> -39204
A[0, 0, 5, 3, 1, 0, 0, 0, 4] -> 93600
A[0, 0, 5, 3, 1, 1, 0, 0, 1] -> 210
A[0, 0, 5, 3, 1, 1, 0, 0, 2] -> -19840
A[0, 0, 5, 3, 1, 1, 0, 0, 3] -> 197640
A[0, 0, 5, 3, 1, 2, 0, 0, 1] -> -280
A[0, 0, 5, 3, 1, 2, 0, 0, 2] -> 33920
A[0, 0, 5, 3, 1, 3, 0, 0, 1] -> 140
A[0, 0, 5, 3, 2, 0, 0, 0, 1] -> -72
A[0, 0, 5, 3, 2, 0, 0, 0, 2] -> 6664
A[0, 0, 5, 3, 2, 0, 0, 0, 3] -> -77312
A[0, 0, 5, 3, 2, 1, 0, 0, 1] -> 270
A[0, 0, 5, 3, 2, 1, 0, 0, 2] -> -30940
A[0, 0, 5, 3, 2, 2, 0, 0, 1] -> -360
A[0, 0, 5, 3, 3, 0, 0, 0, 1] -> -80
A[0, 0, 5, 3, 3, 0, 0, 0, 2] -> 9240
A[0, 0, 5, 3, 3, 1, 0, 0, 1] -> 300
A[0, 0, 5, 3, 4, 0, 0, 0, 1] -> -80
A[0, 0, 5, 4, 0, 0, 0, 0, 1] -> -35
A[0, 0, 5, 4, 0, 0, 0, 0, 2] -> 2072
A[0, 0, 5, 4, 0, 0, 0, 0, 3] -> -18036
A[0, 0, 5, 4, 0, 0, 0, 0, 4] -> 42030
A[0, 0, 5, 4, 0, 1, 0, 0, 1] -> 140
A[0, 0, 5, 4, 0, 1, 0, 0, 2] -> -10800
A[0, 0, 5, 4, 0, 1, 0, 0, 3] -> 102060
A[0, 0, 5, 4, 0, 2, 0, 0, 1] -> -210
A[0, 0, 5, 4, 0, 2, 0, 0, 2] -> 22320
A[0, 0, 5, 4, 0, 3, 0, 0, 1] -> 140
A[0, 0, 5, 4, 1, 0, 0, 0, 1] -> -60
A[0, 0, 5, 4, 1, 0, 0, 0, 2] -> 4970
A[0, 0, 5, 4, 1, 0, 0, 0, 3] -> -49984
A[0, 0, 5, 4, 1, 1, 0, 0, 1] -> 240
A[0, 0, 5, 4, 1, 1, 0, 0, 2] -> -25620
A[0, 0, 5, 4, 1, 2, 0, 0, 1] -> -360
A[0, 0, 5, 4, 2, 0, 0, 0, 1] -> -75
A[0, 0, 5, 4, 2, 0, 0, 0, 2] -> 7620
A[0, 0, 5, 4, 2, 1, 0, 0, 1] -> 300
A[0, 0, 5, 4, 3, 0, 0, 0, 1] -> -80
A[0, 0, 5, 5, 0, 0, 0, 0, 1] -> -36
A[0, 0, 5, 5, 0, 0, 0, 0, 2] -> 2548
A[0, 0, 5, 5, 0, 0, 0, 0, 3] -> -25116
A[0, 0, 5, 5, 0, 1, 0, 0, 1] -> 150
A[0, 0, 5, 5, 0, 1, 0, 0, 2] -> -13965
A[0, 0, 5, 5, 0, 2, 0, 0, 1] -> -240
A[0, 0, 5, 5, 1, 0, 0, 0, 1] -> -60
A[0, 0, 5, 5, 1, 0, 0, 0, 2] -> 5880
A[0, 0, 5, 5, 1, 1, 0, 0, 1] -> 250
A[0, 0, 5, 5, 2, 0, 0, 0, 1] -> -72
A[0, 0, 5, 6, 0, 0, 0, 0, 1] -> -35
A[0, 0, 5, 6, 0, 0, 0, 0, 2] -> 3528
A[0, 0, 5, 6, 0, 1, 0, 0, 1] -> 150
A[0, 0, 5, 6, 1, 0, 0, 0, 1] -> -56
A[0, 0, 5, 7, 0, 0, 0, 0, 1] -> -45
A[0, 0, 6, 0, 0, 0, 0, 0, 1] -> -13
A[0, 0, 6, 0, 0, 0, 0, 0, 2] -> 644
A[0, 0, 6, 0, 0, 0, 0, 0, 3] -> -6885
A[0, 0, 6, 0, 0, 0, 0, 0, 4] -> 25216
A[0, 0, 6, 0, 0, 0, 0, 0, 5] -> -35870
A[0, 0, 6, 0, 0, 0, 0, 0, 6] -> 17064
A[0, 0, 6, 0, 1, 0, 0, 0, 1] -> -24
A[0, 0, 6, 0, 1, 0, 0, 0, 2] -> 1820
A[0, 0, 6, 0, 1, 0, 0, 0, 3] -> -23520
A[0, 0, 6, 0, 1, 0, 0, 0, 4] -> 95550
A[0, 0, 6, 0, 1, 0, 0, 0, 5] -> -144768
A[0, 0, 6, 0, 1, 0, 0, 0, 6] -> 71740
A[0, 0, 6, 0, 2, 0, 0, 0, 1] -> -33
A[0, 0, 6, 0, 2, 0, 0, 0, 2] -> 3264
A[0, 0, 6, 0, 2, 0, 0, 0, 3] -> -51506
A[0, 0, 6, 0, 2, 0, 0, 0, 4] -> 264236
A[0, 0, 6, 0, 2, 0, 0, 0, 5] -> -565065
A[0, 0, 6, 0, 3, 0, 0, 0, 1] -> -40
A[0, 0, 6, 0, 3, 0, 0, 0, 2] -> 4928
A[0, 0, 6, 0, 3, 0, 0, 0, 3] -> -104454
A[0, 0, 6, 0, 3, 0, 0, 0, 4] -> 782028
A[0, 0, 6, 0, 4, 0, 0, 0, 1] -> -45
A[0, 0, 6, 0, 4, 0, 0, 0, 2] -> 7260
A[0, 0, 6, 0, 4, 0, 0, 0, 3] -> -226160
A[0, 0, 6, 0, 5, 0, 0, 0, 1] -> -48
A[0, 0, 6, 0, 5, 0, 0, 0, 2] -> 11340
A[0, 0, 6, 0, 6, 0, 0, 0, 1] -> -49
A[0, 0, 6, 1, 0, 0, 0, 0, 1] -> -24
A[0, 0, 6, 1, 0, 0, 0, 0, 2] -> 1820
A[0, 0, 6, 1, 0, 0, 0, 0, 3] -> -23520
A[0, 0, 6, 1, 0, 0, 0, 0, 4] -> 95550
A[0, 0, 6, 1, 0, 0, 0, 0, 5] -> -144768
A[0, 0, 6, 1, 0, 0, 0, 0, 6] -> 71740
A[0, 0, 6, 1, 0, 1, 0, 0, 1] -> 60
A[0, 0, 6, 1, 0, 1, 0, 0, 2] -> -4550
A[0, 0, 6, 1, 0, 1, 0, 0, 3] -> 58800
A[0, 0, 6, 1, 0, 1, 0, 0, 4] -> -238875
A[0, 0, 6, 1, 0, 1, 0, 0, 5] -> 361920
A[0, 0, 6, 1, 1, 0, 0, 0, 1] -> -44
A[0, 0, 6, 1, 1, 0, 0, 0, 2] -> 5040
A[0, 0, 6, 1, 1, 0, 0, 0, 3] -> -78000
A[0, 0, 6, 1, 1, 0, 0, 0, 4] -> 349664
A[0, 0, 6, 1, 1, 0, 0, 0, 5] -> -562320
A[0, 0, 6, 1, 1, 1, 0, 0, 1] -> 110
A[0, 0, 6, 1, 1, 1, 0, 0, 2] -> -12600
A[0, 0, 6, 1, 1, 1, 0, 0, 3] -> 195000
A[0, 0, 6, 1, 1, 1, 0, 0, 4] -> -874160
A[0, 0, 6, 1, 2, 0, 0, 0, 1] -> -60
A[0, 0, 6, 1, 2, 0, 0, 0, 2] -> 8800
A[0, 0, 6, 1, 2, 0, 0, 0, 3] -> -164472
A[0, 0, 6, 1, 2, 0, 0, 0, 4] -> 926354
A[0, 0, 6, 1, 2, 1, 0, 0, 1] -> 150
A[0, 0, 6, 1, 2, 1, 0, 0, 2] -> -22000
A[0, 0, 6, 1, 2, 1, 0, 0, 3] -> 411180
A[0, 0, 6, 1, 3, 0, 0, 0, 1] -> -72
A[0, 0, 6, 1, 3, 0, 0, 0, 2] -> 12880
A[0, 0, 6, 1, 3, 0, 0, 0, 3] -> -320628
A[0, 0, 6, 1, 3, 1, 0, 0, 1] -> 180
A[0, 0, 6, 1, 3, 1, 0, 0, 2] -> -32200
A[0, 0, 6, 1, 4, 0, 0, 0, 1] -> -80
A[0, 0, 6, 1, 4, 0, 0, 0, 2] -> 18396
A[0, 0, 6, 1, 4, 1, 0, 0, 1] -> 200
A[0, 0, 6, 1, 5, 0, 0, 0, 1] -> -84
A[0, 0, 6, 2, 0, 0, 0, 0, 1] -> -33
A[0, 0, 6, 2, 0, 0, 0, 0, 2] -> 3204
A[0, 0, 6, 2, 0, 0, 0, 0, 3] -> -46956
A[0, 0, 6, 2, 0, 0, 0, 0, 4] -> 205436
A[0, 0, 6, 2, 0, 0, 0, 0, 5] -> -326190
A[0, 0, 6, 2, 0, 1, 0, 0, 1] -> 110
A[0, 0, 6, 2, 0, 1, 0, 0, 2] -> -12600
A[0, 0, 6, 2, 0, 1, 0, 0, 3] -> 195000
A[0, 0, 6, 2, 0, 1, 0, 0, 4] -> -874160
A[0, 0, 6, 2, 0, 2, 0, 0, 1] -> -110
A[0, 0, 6, 2, 0, 2, 0, 0, 2] -> 14040
A[0, 0, 6, 2, 0, 2, 0, 0, 3] -> -223860
A[0, 0, 6, 2, 1, 0, 0, 0, 1] -> -60
A[0, 0, 6, 2, 1, 0, 0, 0, 2] -> 8690
A[0, 0, 6, 2, 1, 0, 0, 0, 3] -> -151872
A[0, 0, 6, 2, 1, 0, 0, 0, 4] -> 731354
A[0, 0, 6, 2, 1, 1, 0, 0, 1] -> 200
A[0, 0, 6, 2, 1, 1, 0, 0, 2] -> -34100
A[0, 0, 6, 2, 1, 1, 0, 0, 3] -> 627840
A[0, 0, 6, 2, 1, 2, 0, 0, 1] -> -200
A[0, 0, 6, 2, 1, 2, 0, 0, 2] -> 37950
A[0, 0, 6, 2, 2, 0, 0, 0, 1] -> -81
A[0, 0, 6, 2, 2, 0, 0, 0, 2] -> 14840
A[0, 0, 6, 2, 2, 0, 0, 0, 3] -> -310860
A[0, 0, 6, 2, 2, 1, 0, 0, 1] -> 270
A[0, 0, 6, 2, 2, 1, 0, 0, 2] -> -58000
A[0, 0, 6, 2, 2, 2, 0, 0, 1] -> -270
A[0, 0, 6, 2, 3, 0, 0, 0, 1] -> -96
A[0, 0, 6, 2, 3, 0, 0, 0, 2] -> 21150
A[0, 0, 6, 2, 3, 1, 0, 0, 1] -> 320
A[0, 0, 6, 2, 4, 0, 0, 0, 1] -> -105
A[0, 0, 6, 3, 0, 0, 0, 0, 1] -> -40
A[0, 0, 6, 3, 0, 0, 0, 0, 2] -> 4510
A[0, 0, 6, 3, 0, 0, 0, 0, 3] -> -72360
A[0, 0, 6, 3, 0, 0, 0, 0, 4] -> 335140
A[0, 0, 6, 3, 0, 1, 0, 0, 1] -> 150
A[0, 0, 6, 3, 0, 1, 0, 0, 2] -> -21725
A[0, 0, 6, 3, 0, 1, 0, 0, 3] -> 379680
A[0, 0, 6, 3, 0, 2, 0, 0, 1] -> -200
A[0, 0, 6, 3, 0, 2, 0, 0, 2] -> 37950
A[0, 0, 6, 3, 0, 3, 0, 0, 1] -> 100
A[0, 0, 6, 3, 1, 0, 0, 0, 1] -> -72
A[0, 0, 6, 3, 1, 0, 0, 0, 2] -> 12000
A[0, 0, 6, 3, 1, 0, 0, 0, 3] -> -228844
A[0, 0, 6, 3, 1, 1, 0, 0, 1] -> 270
A[0, 0, 6, 3, 1, 1, 0, 0, 2] -> -57500
A[0, 0, 6, 3, 1, 2, 0, 0, 1] -> -360
A[0, 0, 6, 3, 2, 0, 0, 0, 1] -> -96
A[0, 0, 6, 3, 2, 0, 0, 0, 2] -> 20088
A[0, 0, 6, 3, 2, 1, 0, 0, 1] -> 360
A[0, 0, 6, 3, 3, 0, 0, 0, 1] -> -112
A[0, 0, 6, 4, 0, 0, 0, 0, 1] -> -45
A[0, 0, 6, 4, 0, 0, 0, 0, 2] -> 5650
A[0, 0, 6, 4, 0, 0, 0, 0, 3] -> -98406
A[0, 0, 6, 4, 0, 1, 0, 0, 1] -> 180
A[0, 0, 6, 4, 0, 1, 0, 0, 2] -> -30300
A[0, 0, 6, 4, 0, 2, 0, 0, 1] -> -270
A[0, 0, 6, 4, 1, 0, 0, 0, 1] -> -80
A[0, 0, 6, 4, 1, 0, 0, 0, 2] -> 14706
A[0, 0, 6, 4, 1, 1, 0, 0, 1] -> 320
A[0, 0, 6, 4, 2, 0, 0, 0, 1] -> -105
A[0, 0, 6, 5, 0, 0, 0, 0, 1] -> -48
A[0, 0, 6, 5, 0, 0, 0, 0, 2] -> 6804
A[0, 0, 6, 5, 0, 1, 0, 0, 1] -> 200
A[0, 0, 6, 5, 1, 0, 0, 0, 1] -> -84
A[0, 0, 6, 6, 0, 0, 0, 0, 1] -> -49
A[0, 0, 7, 0, 0, 0, 0, 0, 1] -> -15
A[0, 0, 7, 0, 0, 0, 0, 0, 2] -> 1280
A[0, 0, 7, 0, 0, 0, 0, 0, 3] -> -23188
A[0, 0, 7, 0, 0, 0, 0, 0, 4] -> 146718
A[0, 0, 7, 0, 0, 0, 0, 0, 5] -> -392084
A[0, 0, 7, 0, 0, 0, 0, 0, 6] -> 454880
A[0, 0, 7, 0, 1, 0, 0, 0, 1] -> -28
A[0, 0, 7, 0, 1, 0, 0, 0, 2] -> 3780
A[0, 0, 7, 0, 1, 0, 0, 0, 3] -> -84480
A[0, 0, 7, 0, 1, 0, 0, 0, 4] -> 602446
A[0, 0, 7, 0, 1, 0, 0, 0, 5] -> -1736316
A[0, 0, 7, 0, 2, 0, 0, 0, 1] -> -39
A[0, 0, 7, 0, 2, 0, 0, 0, 2] -> 7014
A[0, 0, 7, 0, 2, 0, 0, 0, 3] -> -189000
A[0, 0, 7, 0, 2, 0, 0, 0, 4] -> 1609984
A[0, 0, 7, 0, 3, 0, 0, 0, 1] -> -48
A[0, 0, 7, 0, 3, 0, 0, 0, 2] -> 10686
A[0, 0, 7, 0, 3, 0, 0, 0, 3] -> -361536
A[0, 0, 7, 0, 4, 0, 0, 0, 1] -> -55
A[0, 0, 7, 0, 4, 0, 0, 0, 2] -> 15120
A[0, 0, 7, 0, 5, 0, 0, 0, 1] -> -60
A[0, 0, 7, 1, 0, 0, 0, 0, 1] -> -28
A[0, 0, 7, 1, 0, 0, 0, 0, 2] -> 3780
A[0, 0, 7, 1, 0, 0, 0, 0, 3] -> -84480
A[0, 0, 7, 1, 0, 0, 0, 0, 4] -> 602446
A[0, 0, 7, 1, 0, 0, 0, 0, 5] -> -1736316
A[0, 0, 7, 1, 0, 1, 0, 0, 1] -> 70
A[0, 0, 7, 1, 0, 1, 0, 0, 2] -> -9450
A[0, 0, 7, 1, 0, 1, 0, 0, 3] -> 211200
A[0, 0, 7, 1, 0, 1, 0, 0, 4] -> -1506115
A[0, 0, 7, 1, 1, 0, 0, 0, 1] -> -52
A[0, 0, 7, 1, 1, 0, 0, 0, 2] -> 10976
A[0, 0, 7, 1, 1, 0, 0, 0, 3] -> -300600
A[0, 0, 7, 1, 1, 0, 0, 0, 4] -> 2405376
A[0, 0, 7, 1, 1, 1, 0, 0, 1] -> 130
A[0, 0, 7, 1, 1, 1, 0, 0, 2] -> -27440
A[0, 0, 7, 1, 1, 1, 0, 0, 3] -> 751500
A[0, 0, 7, 1, 2, 0, 0, 0, 1] -> -72
A[0, 0, 7, 1, 2, 0, 0, 0, 2] -> 19968
A[0, 0, 7, 1, 2, 0, 0, 0, 3] -> -653072
A[0, 0, 7, 1, 2, 1, 0, 0, 1] -> 180
A[0, 0, 7, 1, 2, 1, 0, 0, 2] -> -49920
A[0, 0, 7, 1, 3, 0, 0, 0, 1] -> -88
A[0, 0, 7, 1, 3, 0, 0, 0, 2] -> 29712
A[0, 0, 7, 1, 3, 1, 0, 0, 1] -> 220
A[0, 0, 7, 1, 4, 0, 0, 0, 1] -> -100
A[0, 0, 7, 2, 0, 0, 0, 0, 1] -> -39
A[0, 0, 7, 2, 0, 0, 0, 0, 2] -> 6944
A[0, 0, 7, 2, 0, 0, 0, 0, 3] -> -179550
A[0, 0, 7, 2, 0, 0, 0, 0, 4] -> 1398784
A[0, 0, 7, 2, 0, 1, 0, 0, 1] -> 130
A[0, 0, 7, 2, 0, 1, 0, 0, 2] -> -27440
A[0, 0, 7, 2, 0, 1, 0, 0, 3] -> 751500
A[0, 0, 7, 2, 0, 2, 0, 0, 1] -> -130
A[0, 0, 7, 2, 0, 2, 0, 0, 2] -> 30660
A[0, 0, 7, 2, 1, 0, 0, 0, 1] -> -72
A[0, 0, 7, 2, 1, 0, 0, 0, 2] -> 19838
A[0, 0, 7, 2, 1, 0, 0, 0, 3] -> -625632
A[0, 0, 7, 2, 1, 1, 0, 0, 1] -> 240
A[0, 0, 7, 2, 1, 1, 0, 0, 2] -> -78260
A[0, 0, 7, 2, 1, 2, 0, 0, 1] -> -240
A[0, 0, 7, 2, 2, 0, 0, 0, 1] -> -99
A[0, 0, 7, 2, 2, 0, 0, 0, 2] -> 35460
A[0, 0, 7, 2, 2, 1, 0, 0, 1] -> 330
A[0, 0, 7, 2, 3, 0, 0, 0, 1] -> -120
A[0, 0, 7, 3, 0, 0, 0, 0, 1] -> -48
A[0, 0, 7, 3, 0, 0, 0, 0, 2] -> 10192
A[0, 0, 7, 3, 0, 0, 0, 0, 3] -> -292880
A[0, 0, 7, 3, 0, 1, 0, 0, 1] -> 180
A[0, 0, 7, 3, 0, 1, 0, 0, 2] -> -49595
A[0, 0, 7, 3, 0, 2, 0, 0, 1] -> -240
A[0, 0, 7, 3, 1, 0, 0, 0, 1] -> -88
A[0, 0, 7, 3, 1, 0, 0, 0, 2] -> 28656
A[0, 0, 7, 3, 1, 1, 0, 0, 1] -> 330
A[0, 0, 7, 3, 2, 0, 0, 0, 1] -> -120
A[0, 0, 7, 4, 0, 0, 0, 0, 1] -> -55
A[0, 0, 7, 4, 0, 0, 0, 0, 2] -> 13188
A[0, 0, 7, 4, 0, 1, 0, 0, 1] -> 220
A[0, 0, 7, 4, 1, 0, 0, 0, 1] -> -100
A[0, 0, 7, 5, 0, 0, 0, 0, 1] -> -60
A[0, 0, 8, 0, 0, 0, 0, 0, 1] -> -17
A[0, 0, 8, 0, 0, 0, 0, 0, 2] -> 2340
A[0, 0, 8, 0, 0, 0, 0, 0, 3] -> -66937
A[0, 0, 8, 0, 0, 0, 0, 0, 4] -> 672000
A[0, 0, 8, 0, 0, 0, 0, 0, 5] -> -2953818
A[0, 0, 8, 0, 1, 0, 0, 0, 1] -> -32
A[0, 0, 8, 0, 1, 0, 0, 0, 2] -> 7140
A[0, 0, 8, 0, 1, 0, 0, 0, 3] -> -256608
A[0, 0, 8, 0, 1, 0, 0, 0, 4] -> 2942758
A[0, 0, 8, 0, 2, 0, 0, 0, 1] -> -45
A[0, 0, 8, 0, 2, 0, 0, 0, 2] -> 13648
A[0, 0, 8, 0, 2, 0, 0, 0, 3] -> -591192
A[0, 0, 8, 0, 3, 0, 0, 0, 1] -> -56
A[0, 0, 8, 0, 3, 0, 0, 0, 2] -> 21150
A[0, 0, 8, 0, 4, 0, 0, 0, 1] -> -65
A[0, 0, 8, 1, 0, 0, 0, 0, 1] -> -32
A[0, 0, 8, 1, 0, 0, 0, 0, 2] -> 7140
A[0, 0, 8, 1, 0, 0, 0, 0, 3] -> -256608
A[0, 0, 8, 1, 0, 0, 0, 0, 4] -> 2942758
A[0, 0, 8, 1, 0, 1, 0, 0, 1] -> 80
A[0, 0, 8, 1, 0, 1, 0, 0, 2] -> -17850
A[0, 0, 8, 1, 0, 1, 0, 0, 3] -> 641520
A[0, 0, 8, 1, 1, 0, 0, 0, 1] -> -60
A[0, 0, 8, 1, 1, 0, 0, 0, 2] -> 21504
A[0, 0, 8, 1, 1, 0, 0, 0, 3] -> -964920
A[0, 0, 8, 1, 1, 1, 0, 0, 1] -> 150
A[0, 0, 8, 1, 1, 1, 0, 0, 2] -> -53760
A[0, 0, 8, 1, 2, 0, 0, 0, 1] -> -84
A[0, 0, 8, 1, 2, 0, 0, 0, 2] -> 40470
A[0, 0, 8, 1, 2, 1, 0, 0, 1] -> 210
A[0, 0, 8, 1, 3, 0, 0, 0, 1] -> -104
A[0, 0, 8, 2, 0, 0, 0, 0, 1] -> -45
A[0, 0, 8, 2, 0, 0, 0, 0, 2] -> 13568
A[0, 0, 8, 2, 0, 0, 0, 0, 3] -> -573342
A[0, 0, 8, 2, 0, 1, 0, 0, 1] -> 150
A[0, 0, 8, 2, 0, 1, 0, 0, 2] -> -53760
A[0, 0, 8, 2, 0, 2, 0, 0, 1] -> -150
A[0, 0, 8, 2, 1, 0, 0, 0, 1] -> -84
A[0, 0, 8, 2, 1, 0, 0, 0, 2] -> 40320
A[0, 0, 8, 2, 1, 1, 0, 0, 1] -> 280
A[0, 0, 8, 2, 2, 0, 0, 0, 1] -> -117
A[0, 0, 8, 3, 0, 0, 0, 0, 1] -> -56
A[0, 0, 8, 3, 0, 0, 0, 0, 2] -> 20580
A[0, 0, 8, 3, 0, 1, 0, 0, 1] -> 210
A[0, 0, 8, 3, 1, 0, 0, 0, 1] -> -104
A[0, 0, 8, 4, 0, 0, 0, 0, 1] -> -65
A[0, 0, 9, 0, 0, 0, 0, 0, 1] -> -19
A[0, 0, 9, 0, 0, 0, 0, 0, 2] -> 4000
A[0, 0, 9, 0, 0, 0, 0, 0, 3] -> -171801
A[0, 0, 9, 0, 0, 0, 0, 0, 4] -> 2581656
A[0, 0, 9, 0, 1, 0, 0, 0, 1] -> -36
A[0, 0, 9, 0, 1, 0, 0, 0, 2] -> 12540
A[0, 0, 9, 0, 1, 0, 0, 0, 3] -> -686400
A[0, 0, 9, 0, 2, 0, 0, 0, 1] -> -51
A[0, 0, 9, 0, 2, 0, 0, 0, 2] -> 24570
A[0, 0, 9, 0, 3, 0, 0, 0, 1] -> -64
A[0, 0, 9, 1, 0, 0, 0, 0, 1] -> -36
A[0, 0, 9, 1, 0, 0, 0, 0, 2] -> 12540
A[0, 0, 9, 1, 0, 0, 0, 0, 3] -> -686400
A[0, 0, 9, 1, 0, 1, 0, 0, 1] -> 90
A[0, 0, 9, 1, 0, 1, 0, 0, 2] -> -31350
A[0, 0, 9, 1, 1, 0, 0, 0, 1] -> -68
A[0, 0, 9, 1, 1, 0, 0, 0, 2] -> 38880
A[0, 0, 9, 1, 1, 1, 0, 0, 1] -> 170
A[0, 0, 9, 1, 2, 0, 0, 0, 1] -> -96
A[0, 0, 9, 2, 0, 0, 0, 0, 1] -> -51
A[0, 0, 9, 2, 0, 0, 0, 0, 2] -> 24480
A[0, 0, 9, 2, 0, 1, 0, 0, 1] -> 170
A[0, 0, 9, 2, 1, 0, 0, 0, 1] -> -96
A[0, 0, 9, 3, 0, 0, 0, 0, 1] -> -64
A[0, 0, 10, 0, 0, 0, 0, 0, 1] -> -21
A[0, 0, 10, 0, 0, 0, 0, 0, 2] -> 6490
A[0, 0, 10, 0, 0, 0, 0, 0, 3] -> -401764
A[0, 0, 10, 0, 1, 0, 0, 0, 1] -> -40
A[0, 0, 10, 0, 1, 0, 0, 0, 2] -> 20790
A[0, 0, 10, 0, 2, 0, 0, 0, 1] -> -57
A[0, 0, 10, 1, 0, 0, 0, 0, 1] -> -40
A[0, 0, 10, 1, 0, 0, 0, 0, 2] -> 20790
A[0, 0, 10, 1, 0, 1, 0, 0, 1] -> 100
A[0, 0, 10, 1, 1, 0, 0, 0, 1] -> -76
A[0, 0, 10, 2, 0, 0, 0, 0, 1] -> -57
A[0, 0, 11, 0, 0, 0, 0, 0, 1] -> -23
A[0, 0, 11, 0, 0, 0, 0, 0, 2] -> 10080
A[0, 0, 11, 0, 1, 0, 0, 0, 1] -> -44
A[0, 0, 11, 1, 0, 0, 0, 0, 1] -> -44
A[0, 0, 12, 0, 0, 0, 0, 0, 1] -> -25
A[0, 1, 2, 1, 3, 0, 0, 0, 0] -> 2
A[0, 1, 2, 1, 3, 0, 1, 0, 0] -> 2
A[1, 0, 0, 0, 0, 0, 0, 0, 0] -> -5
A[1, 0, 0, 0, 0, 1, 0, 0, 0] -> 2
A[1, 0, 0, 1, 0, 1, 0, 0, 0] -> 2
A[1, 0, 1, 1, 0, 1, 0, 0, 0] -> 2
A[1, 0, 1, 1, 0, 1, 0, 0, 1] -> -4
A[1, 0, 1, 1, 1, 1, 0, 0, 0] -> 2
A[1, 0, 1, 1, 1, 1, 0, 0, 1] -> -4
A[1, 0, 1, 1, 2, 1, 0, 0, 1] -> -8
A[1, 0, 1, 1, 2, 1, 0, 0, 2] -> 10
A[1, 0, 1, 1, 3, 1, 0, 0, 1] -> -12
A[1, 0, 1, 1, 3, 1, 0, 0, 2] -> 70
A[1, 0, 1, 1, 3, 1, 0, 0, 3] -> -64
A[1, 0, 1, 1, 4, 1, 0, 0, 1] -> -16
A[1, 0, 1, 1, 4, 1, 0, 0, 2] -> 270
A[1, 0, 1, 1, 4, 1, 0, 0, 3] -> -800
A[1, 0, 1, 1, 4, 1, 0, 0, 4] -> 572
A[1, 0, 1, 1, 5, 1, 0, 0, 1] -> -20
A[1, 0, 1, 1, 5, 1, 0, 0, 2] -> 770
A[1, 0, 1, 1, 5, 1, 0, 0, 3] -> -5184
A[1, 0, 1, 1, 5, 1, 0, 0, 4] -> 10374
A[1, 0, 1, 1, 6, 1, 0, 0, 1] -> -24
A[1, 0, 1, 1, 6, 1, 0, 0, 2] -> 1820
A[1, 0, 1, 1, 6, 1, 0, 0, 3] -> -23520
A[1, 0, 1, 1, 7, 1, 0, 0, 1] -> -28
A[1, 0, 1, 1, 7, 1, 0, 0, 2] -> 3780
A[1, 0, 1, 1, 8, 1, 0, 0, 1] -> -32
A[1, 0, 1, 2, 0, 1, 0, 0, 1] -> -4
A[1, 0, 1, 2, 0, 2, 0, 0, 1] -> 10
A[1, 0, 1, 3, 0, 1, 0, 0, 1] -> -8
A[1, 0, 1, 3, 0, 2, 0, 0, 1] -> 30
A[1, 0, 1, 3, 0, 3, 0, 0, 1] -> -40
A[1, 0, 1, 3, 0, 4, 0, 0, 1] -> 20
A[1, 0, 1, 3, 0, 5, 0, 0, 1] -> -15
A[1, 0, 1, 3, 0, 6, 0, 0, 1] -> 4
A[1, 0, 1, 4, 0, 1, 0, 0, 1] -> -12
A[1, 0, 1, 4, 0, 2, 0, 0, 1] -> 50
A[1, 0, 1, 4, 0, 3, 0, 0, 1] -> -80
A[1, 0, 1, 4, 0, 4, 0, 0, 1] -> 60
A[1, 0, 1, 4, 0, 5, 0, 0, 1] -> -20
A[1, 0, 1, 4, 0, 6, 0, 0, 1] -> 6
A[1, 0, 1, 5, 0, 1, 0, 0, 1] -> -16
A[1, 0, 1, 5, 0, 2, 0, 0, 1] -> 70
A[1, 0, 1, 5, 0, 3, 0, 0, 1] -> -120
A[1, 0, 1, 5, 0, 4, 0, 0, 1] -> 100
A[1, 0, 1, 5, 0, 5, 0, 0, 1] -> -40
A[1, 0, 1, 6, 0, 1, 0, 0, 1] -> -20
A[1, 0, 1, 6, 0, 2, 0, 0, 1] -> 90
A[1, 0, 1, 6, 0, 3, 0, 0, 1] -> -160
A[1, 0, 1, 6, 0, 4, 0, 0, 1] -> 140
A[1, 0, 1, 7, 0, 1, 0, 0, 1] -> -24
A[1, 0, 1, 7, 0, 2, 0, 0, 1] -> 110
A[1, 0, 1, 7, 0, 3, 0, 0, 1] -> -200
A[1, 0, 1, 8, 0, 1, 0, 0, 1] -> -28
A[1, 0, 1, 8, 0, 2, 0, 0, 1] -> 130
A[1, 0, 1, 9, 0, 1, 0, 0, 1] -> -32
A[1, 0, 2, 1, 0, 1, 0, 0, 1] -> -8
A[1, 0, 2, 1, 0, 1, 0, 0, 2] -> 10
A[1, 0, 2, 1, 1, 1, 0, 0, 1] -> -12
A[1, 0, 2, 1, 1, 1, 0, 0, 2] -> 16
A[1, 0, 2, 1, 2, 1, 0, 0, 1] -> -12
A[1, 0, 2, 1, 2, 1, 0, 0, 2] -> 48
A[1, 0, 2, 1, 2, 1, 0, 0, 3] -> -40
A[1, 0, 2, 1, 3, 1, 0, 0, 1] -> -20
A[1, 0, 2, 1, 3, 1, 0, 0, 2] -> 192
A[1, 0, 2, 1, 3, 1, 0, 0, 3] -> -420
A[1, 0, 2, 1, 3, 1, 0, 0, 4] -> 256
A[1, 0, 2, 1, 4, 1, 0, 0, 1] -> -28
A[1, 0, 2, 1, 4, 1, 0, 0, 2] -> 704
A[1, 0, 2, 1, 4, 1, 0, 0, 3] -> -3204
A[1, 0, 2, 1, 4, 1, 0, 0, 4] -> 4800
A[1, 0, 2, 1, 5, 1, 0, 0, 1] -> -36
A[1, 0, 2, 1, 5, 1, 0, 0, 2] -> 2080
A[1, 0, 2, 1, 5, 1, 0, 0, 3] -> -18744
A[1, 0, 2, 1, 6, 1, 0, 0, 1] -> -44
A[1, 0, 2, 1, 6, 1, 0, 0, 2] -> 5136
A[1, 0, 2, 1, 7, 1, 0, 0, 1] -> -52
A[1, 0, 2, 2, 0, 1, 0, 0, 1] -> -12
A[1, 0, 2, 2, 0, 1, 0, 0, 2] -> 16
A[1, 0, 2, 2, 0, 2, 0, 0, 1] -> 30
A[1, 0, 2, 2, 0, 2, 0, 0, 2] -> -40
A[1, 0, 2, 2, 1, 1, 0, 0, 1] -> -16
A[1, 0, 2, 2, 1, 1, 0, 0, 2] -> 24
A[1, 0, 2, 2, 1, 2, 0, 0, 1] -> 40
A[1, 0, 2, 2, 1, 2, 0, 0, 2] -> -60
A[1, 0, 2, 2, 2, 1, 0, 0, 1] -> -12
A[1, 0, 2, 2, 2, 1, 0, 0, 2] -> 64
A[1, 0, 2, 2, 2, 1, 0, 0, 3] -> -60
A[1, 0, 2, 2, 2, 2, 0, 0, 1] -> 30
A[1, 0, 2, 2, 2, 2, 0, 0, 2] -> -160
A[1, 0, 2, 2, 2, 2, 0, 0, 3] -> 150
A[1, 0, 2, 2, 3, 1, 0, 0, 1] -> -20
A[1, 0, 2, 2, 3, 1, 0, 0, 2] -> 216
A[1, 0, 2, 2, 3, 1, 0, 0, 3] -> -560
A[1, 0, 2, 2, 3, 1, 0, 0, 4] -> 384
A[1, 0, 2, 2, 3, 2, 0, 0, 1] -> 50
A[1, 0, 2, 2, 3, 2, 0, 0, 2] -> -540
A[1, 0, 2, 2, 3, 2, 0, 0, 3] -> 1400
A[1, 0, 2, 2, 4, 1, 0, 0, 1] -> -28
A[1, 0, 2, 2, 4, 1, 0, 0, 2] -> 736
A[1, 0, 2, 2, 4, 1, 0, 0, 3] -> -3744
A[1, 0, 2, 2, 4, 2, 0, 0, 1] -> 70
A[1, 0, 2, 2, 4, 2, 0, 0, 2] -> -1840
A[1, 0, 2, 2, 5, 1, 0, 0, 1] -> -36
A[1, 0, 2, 2, 5, 1, 0, 0, 2] -> 2120
A[1, 0, 2, 2, 5, 2, 0, 0, 1] -> 90
A[1, 0, 2, 2, 6, 1, 0, 0, 1] -> -44
A[1, 0, 2, 3, 0, 1, 0, 0, 1] -> -12
A[1, 0, 2, 3, 0, 1, 0, 0, 2] -> 18
A[1, 0, 2, 3, 0, 2, 0, 0, 1] -> 40
A[1, 0, 2, 3, 0, 2, 0, 0, 2] -> -60
A[1, 0, 2, 3, 0, 3, 0, 0, 1] -> -40
A[1, 0, 2, 3, 0, 3, 0, 0, 2] -> 60
A[1, 0, 2, 3, 1, 1, 0, 0, 1] -> -12
A[1, 0, 2, 3, 1, 1, 0, 0, 2] -> 24
A[1, 0, 2, 3, 1, 2, 0, 0, 1] -> 40
A[1, 0, 2, 3, 1, 2, 0, 0, 2] -> -80
A[1, 0, 2, 3, 1, 3, 0, 0, 1] -> -40
A[1, 0, 2, 3, 1, 3, 0, 0, 2] -> 80
A[1, 0, 2, 3, 2, 1, 0, 0, 2] -> 48
A[1, 0, 2, 3, 2, 1, 0, 0, 3] -> -60
A[1, 0, 2, 3, 2, 2, 0, 0, 2] -> -160
A[1, 0, 2, 3, 2, 2, 0, 0, 3] -> 200
A[1, 0, 2, 3, 2, 3, 0, 0, 2] -> 160
A[1, 0, 2, 3, 3, 1, 0, 0, 2] -> 72
A[1, 0, 2, 3, 3, 1, 0, 0, 3] -> -420
A[1, 0, 2, 3, 3, 2, 0, 0, 2] -> -240
A[1, 0, 2, 3, 4, 1, 0, 0, 2] -> 96
A[1, 0, 2, 4, 0, 1, 0, 0, 1] -> -20
A[1, 0, 2, 4, 0, 1, 0, 0, 2] -> 40
A[1, 0, 2, 4, 0, 2, 0, 0, 1] -> 80
A[1, 0, 2, 4, 0, 2, 0, 0, 2] -> -160
A[1, 0, 2, 4, 0, 3, 0, 0, 1] -> -120
A[1, 0, 2, 4, 0, 3, 0, 0, 2] -> 240
A[1, 0, 2, 4, 0, 4, 0, 0, 1] -> 80
A[1, 0, 2, 4, 0, 4, 0, 0, 2] -> -160
A[1, 0, 2, 4, 0, 5, 0, 0, 1] -> -20
A[1, 0, 2, 4, 1, 1, 0, 0, 1] -> -20
A[1, 0, 2, 4, 1, 1, 0, 0, 2] -> 40
A[1, 0, 2, 4, 1, 2, 0, 0, 1] -> 80
A[1, 0, 2, 4, 1, 2, 0, 0, 2] -> -160
A[1, 0, 2, 4, 1, 3, 0, 0, 1] -> -120
A[1, 0, 2, 4, 1, 3, 0, 0, 2] -> 240
A[1, 0, 2, 4, 1, 4, 0, 0, 1] -> 80
A[1, 0, 2, 4, 2, 1, 0, 0, 2] -> 80
A[1, 0, 2, 4, 2, 1, 0, 0, 3] -> -100
A[1, 0, 2, 4, 2, 2, 0, 0, 2] -> -320
A[1, 0, 2, 4, 3, 1, 0, 0, 2] -> 120
A[1, 0, 2, 5, 0, 1, 0, 0, 1] -> -28
A[1, 0, 2, 5, 0, 1, 0, 0, 2] -> 112
A[1, 0, 2, 5, 0, 2, 0, 0, 1] -> 120
A[1, 0, 2, 5, 0, 2, 0, 0, 2] -> -540
A[1, 0, 2, 5, 0, 3, 0, 0, 1] -> -200
A[1, 0, 2, 5, 0, 3, 0, 0, 2] -> 1050
A[1, 0, 2, 5, 0, 4, 0, 0, 1] -> 160
A[1, 0, 2, 5, 1, 1, 0, 0, 1] -> -28
A[1, 0, 2, 5, 1, 1, 0, 0, 2] -> 56
A[1, 0, 2, 5, 1, 2, 0, 0, 1] -> 120
A[1, 0, 2, 5, 1, 2, 0, 0, 2] -> -240
A[1, 0, 2, 5, 1, 3, 0, 0, 1] -> -200
A[1, 0, 2, 5, 2, 1, 0, 0, 2] -> 112
A[1, 0, 2, 6, 0, 1, 0, 0, 1] -> -36
A[1, 0, 2, 6, 0, 1, 0, 0, 2] -> 324
A[1, 0, 2, 6, 0, 2, 0, 0, 1] -> 160
A[1, 0, 2, 6, 0, 2, 0, 0, 2] -> -1840
A[1, 0, 2, 6, 0, 3, 0, 0, 1] -> -280
A[1, 0, 2, 6, 1, 1, 0, 0, 1] -> -36
A[1, 0, 2, 6, 1, 1, 0, 0, 2] -> 72
A[1, 0, 2, 6, 1, 2, 0, 0, 1] -> 160
A[1, 0, 2, 7, 0, 1, 0, 0, 1] -> -44
A[1, 0, 2, 7, 0, 1, 0, 0, 2] -> 836
A[1, 0, 2, 7, 0, 2, 0, 0, 1] -> 200
A[1, 0, 2, 7, 1, 1, 0, 0, 1] -> -44
A[1, 0, 2, 8, 0, 1, 0, 0, 1] -> -52
A[1, 0, 3, 1, 0, 1, 0, 0, 1] -> -12
A[1, 0, 3, 1, 0, 1, 0, 0, 2] -> 70
A[1, 0, 3, 1, 0, 1, 0, 0, 3] -> -64
A[1, 0, 3, 1, 1, 1, 0, 0, 1] -> -20
A[1, 0, 3, 1, 1, 1, 0, 0, 2] -> 144
A[1, 0, 3, 1, 1, 1, 0, 0, 3] -> -140
A[1, 0, 3, 1, 2, 1, 0, 0, 1] -> -24
A[1, 0, 3, 1, 2, 1, 0, 0, 2] -> 240
A[1, 0, 3, 1, 2, 1, 0, 0, 3] -> -552
A[1, 0, 3, 1, 2, 1, 0, 0, 4] -> 350
A[1, 0, 3, 1, 3, 1, 0, 0, 1] -> -24
A[1, 0, 3, 1, 3, 1, 0, 0, 2] -> 560
A[1, 0, 3, 1, 3, 1, 0, 0, 3] -> -2700
A[1, 0, 3, 1, 3, 1, 0, 0, 4] -> 4368
A[1, 0, 3, 1, 4, 1, 0, 0, 1] -> -36
A[1, 0, 3, 1, 4, 1, 0, 0, 2] -> 1470
A[1, 0, 3, 1, 4, 1, 0, 0, 3] -> -12672
A[1, 0, 3, 1, 5, 1, 0, 0, 1] -> -48
A[1, 0, 3, 1, 5, 1, 0, 0, 2] -> 3906
A[1, 0, 3, 1, 6, 1, 0, 0, 1] -> -60
A[1, 0, 3, 2, 0, 1, 0, 0, 1] -> -20
A[1, 0, 3, 2, 0, 1, 0, 0, 2] -> 144
A[1, 0, 3, 2, 0, 1, 0, 0, 3] -> -140
A[1, 0, 3, 2, 0, 2, 0, 0, 1] -> 50
A[1, 0, 3, 2, 0, 2, 0, 0, 2] -> -360
A[1, 0, 3, 2, 0, 2, 0, 0, 3] -> 350
A[1, 0, 3, 2, 1, 1, 0, 0, 1] -> -32
A[1, 0, 3, 2, 1, 1, 0, 0, 2] -> 280
A[1, 0, 3, 2, 1, 1, 0, 0, 3] -> -288
A[1, 0, 3, 2, 1, 2, 0, 0, 1] -> 80
A[1, 0, 3, 2, 1, 2, 0, 0, 2] -> -700
A[1, 0, 3, 2, 1, 2, 0, 0, 3] -> 720
A[1, 0, 3, 2, 2, 1, 0, 0, 1] -> -36
A[1, 0, 3, 2, 2, 1, 0, 0, 2] -> 432
A[1, 0, 3, 2, 2, 1, 0, 0, 3] -> -1080
A[1, 0, 3, 2, 2, 1, 0, 0, 4] -> 720
A[1, 0, 3, 2, 2, 2, 0, 0, 1] -> 90
A[1, 0, 3, 2, 2, 2, 0, 0, 2] -> -1080
A[1, 0, 3, 2, 2, 2, 0, 0, 3] -> 2700
A[1, 0, 3, 2, 3, 1, 0, 0, 1] -> -32
A[1, 0, 3, 2, 3, 1, 0, 0, 2] -> 960
A[1, 0, 3, 2, 3, 1, 0, 0, 3] -> -5088
A[1, 0, 3, 2, 3, 2, 0, 0, 1] -> 80
A[1, 0, 3, 2, 3, 2, 0, 0, 2] -> -2400
A[1, 0, 3, 2, 4, 1, 0, 0, 1] -> -48
A[1, 0, 3, 2, 4, 1, 0, 0, 2] -> 2408
A[1, 0, 3, 2, 4, 1, 0, 1, 0] -> -5
A[1, 0, 3, 2, 4, 2, 0, 0, 1] -> 120
A[1, 0, 3, 2, 4, 2, 0, 1, 0] -> 2
A[1, 0, 3, 2, 5, 1, 0, 0, 1] -> -64
A[1, 0, 3, 3, 0, 1, 0, 0, 1] -> -24
A[1, 0, 3, 3, 0, 1, 0, 0, 2] -> 190
A[1, 0, 3, 3, 0, 1, 0, 0, 3] -> -192
A[1, 0, 3, 3, 0, 2, 0, 0, 1] -> 80
A[1, 0, 3, 3, 0, 2, 0, 0, 2] -> -700
A[1, 0, 3, 3, 0, 2, 0, 0, 3] -> 720
A[1, 0, 3, 3, 0, 3, 0, 0, 1] -> -80
A[1, 0, 3, 3, 0, 3, 0, 0, 2] -> 750
A[1, 0, 3, 3, 0, 3, 0, 0, 3] -> -780
A[1, 0, 3, 3, 1, 1, 0, 0, 1] -> -36
A[1, 0, 3, 3, 1, 1, 0, 0, 2] -> 352
A[1, 0, 3, 3, 1, 1, 0, 0, 3] -> -380
A[1, 0, 3, 3, 1, 2, 0, 0, 1] -> 120
A[1, 0, 3, 3, 1, 2, 0, 0, 2] -> -1280
A[1, 0, 3, 3, 1, 2, 0, 0, 3] -> 1400
A[1, 0, 3, 3, 1, 3, 0, 0, 1] -> -120
A[1, 0, 3, 3, 1, 3, 0, 0, 2] -> 1360
A[1, 0, 3, 3, 2, 1, 0, 0, 1] -> -36
A[1, 0, 3, 3, 2, 1, 0, 0, 2] -> 504
A[1, 0, 3, 3, 2, 1, 0, 0, 3] -> -1360
A[1, 0, 3, 3, 2, 2, 0, 0, 1] -> 120
A[1, 0, 3, 3, 2, 2, 0, 0, 2] -> -1800
A[1, 0, 3, 3, 2, 3, 0, 0, 1] -> -120
A[1, 0, 3, 3, 3, 1, 0, 0, 1] -> -24
A[1, 0, 3, 3, 3, 1, 0, 0, 2] -> 1000
A[1, 0, 3, 3, 3, 2, 0, 0, 1] -> 80
A[1, 0, 3, 3, 4, 1, 0, 0, 1] -> -36
A[1, 0, 3, 4, 0, 1, 0, 0, 1] -> -24
A[1, 0, 3, 4, 0, 1, 0, 0, 2] -> 256
A[1, 0, 3, 4, 0, 1, 0, 0, 3] -> -280
A[1, 0, 3, 4, 0, 2, 0, 0, 1] -> 90
A[1, 0, 3, 4, 0, 2, 0, 0, 2] -> -1080
A[1, 0, 3, 4, 0, 2, 0, 0, 3] -> 1200
A[1, 0, 3, 4, 0, 3, 0, 0, 1] -> -120
A[1, 0, 3, 4, 0, 3, 0, 0, 2] -> 1680
A[1, 0, 3, 4, 0, 4, 0, 0, 1] -> 60
A[1, 0, 3, 4, 1, 1, 0, 0, 1] -> -32
A[1, 0, 3, 4, 1, 1, 0, 0, 2] -> 432
A[1, 0, 3, 4, 1, 1, 0, 0, 3] -> -512
A[1, 0, 3, 4, 1, 2, 0, 0, 1] -> 120
A[1, 0, 3, 4, 1, 2, 0, 0, 2] -> -1800
A[1, 0, 3, 4, 1, 3, 0, 0, 1] -> -160
A[1, 0, 3, 4, 2, 1, 0, 0, 1] -> -24
A[1, 0, 3, 4, 2, 1, 0, 0, 2] -> 528
A[1, 0, 3, 4, 2, 2, 0, 0, 1] -> 90
A[1, 0, 3, 5, 0, 1, 0, 0, 1] -> -36
A[1, 0, 3, 5, 0, 1, 0, 0, 2] -> 504
A[1, 0, 3, 5, 0, 1, 0, 0, 3] -> -600
A[1, 0, 3, 5, 0, 2, 0, 0, 1] -> 150
A[1, 0, 3, 5, 0, 2, 0, 0, 2] -> -2400
A[1, 0, 3, 5, 0, 3, 0, 0, 1] -> -240
A[1, 0, 3, 5, 1, 1, 0, 0, 1] -> -48
A[1, 0, 3, 5, 1, 1, 0, 0, 2] -> 768
A[1, 0, 3, 5, 1, 2, 0, 0, 1] -> 200
A[1, 0, 3, 5, 2, 1, 0, 0, 1] -> -36
A[1, 0, 3, 6, 0, 1, 0, 0, 1] -> -48
A[1, 0, 3, 6, 0, 1, 0, 0, 2] -> 1120
A[1, 0, 3, 6, 0, 2, 0, 0, 1] -> 210
A[1, 0, 3, 6, 1, 1, 0, 0, 1] -> -64
A[1, 0, 3, 7, 0, 1, 0, 0, 1] -> -60
A[1, 0, 4, 1, 0, 1, 0, 0, 1] -> -16
A[1, 0, 4, 1, 0, 1, 0, 0, 2] -> 270
A[1, 0, 4, 1, 0, 1, 0, 0, 3] -> -800
A[1, 0, 4, 1, 0, 1, 0, 0, 4] -> 572
A[1, 0, 4, 1, 1, 1, 0, 0, 1] -> -28
A[1, 0, 4, 1, 1, 1, 0, 0, 2] -> 640
A[1, 0, 4, 1, 1, 1, 0, 0, 3] -> -2124
A[1, 0, 4, 1, 1, 1, 0, 0, 4] -> 1600
A[1, 0, 4, 1, 2, 1, 0, 0, 1] -> -36
A[1, 0, 4, 1, 2, 1, 0, 0, 2] -> 1022
A[1, 0, 4, 1, 2, 1, 0, 0, 3] -> -4992
A[1, 0, 4, 1, 2, 1, 0, 0, 4] -> 7956
A[1, 0, 4, 1, 3, 1, 0, 0, 1] -> -40
A[1, 0, 4, 1, 3, 1, 0, 0, 2] -> 1680
A[1, 0, 4, 1, 3, 1, 0, 0, 3] -> -15120
A[1, 0, 4, 1, 4, 1, 0, 0, 1] -> -40
A[1, 0, 4, 1, 4, 1, 0, 0, 2] -> 3360
A[1, 0, 4, 1, 5, 1, 0, 0, 1] -> -56
A[1, 0, 4, 2, 0, 1, 0, 0, 1] -> -28
A[1, 0, 4, 2, 0, 1, 0, 0, 2] -> 640
A[1, 0, 4, 2, 0, 1, 0, 0, 3] -> -2124
A[1, 0, 4, 2, 0, 1, 0, 0, 4] -> 1600
A[1, 0, 4, 2, 0, 2, 0, 0, 1] -> 70
A[1, 0, 4, 2, 0, 2, 0, 0, 2] -> -1600
A[1, 0, 4, 2, 0, 2, 0, 0, 3] -> 5310
A[1, 0, 4, 2, 0, 2, 0, 0, 4] -> -4000
A[1, 0, 4, 2, 1, 1, 0, 0, 1] -> -48
A[1, 0, 4, 2, 1, 1, 0, 0, 2] -> 1456
A[1, 0, 4, 2, 1, 1, 0, 0, 3] -> -5376
A[1, 0, 4, 2, 1, 1, 0, 0, 4] -> 4248
A[1, 0, 4, 2, 1, 2, 0, 0, 1] -> 120
A[1, 0, 4, 2, 1, 2, 0, 0, 2] -> -3640
A[1, 0, 4, 2, 1, 2, 0, 0, 3] -> 13440
A[1, 0, 4, 2, 2, 1, 0, 0, 1] -> -60
A[1, 0, 4, 2, 2, 1, 0, 0, 2] -> 2208
A[1, 0, 4, 2, 2, 1, 0, 0, 3] -> -11928
A[1, 0, 4, 2, 2, 2, 0, 0, 1] -> 150
A[1, 0, 4, 2, 2, 2, 0, 0, 2] -> -5520
A[1, 0, 4, 2, 3, 1, 0, 0, 1] -> -64
A[1, 0, 4, 2, 3, 1, 0, 0, 2] -> 3440
A[1, 0, 4, 2, 3, 2, 0, 0, 1] -> 160
A[1, 0, 4, 2, 4, 1, 0, 0, 1] -> -60
A[1, 0, 4, 3, 0, 1, 0, 0, 1] -> -36
A[1, 0, 4, 3, 0, 1, 0, 0, 2] -> 952
A[1, 0, 4, 3, 0, 1, 0, 0, 3] -> -3392
A[1, 0, 4, 3, 0, 1, 0, 0, 4] -> 2646
A[1, 0, 4, 3, 0, 2, 0, 0, 1] -> 120
A[1, 0, 4, 3, 0, 2, 0, 0, 2] -> -3640
A[1, 0, 4, 3, 0, 2, 0, 0, 3] -> 13440
A[1, 0, 4, 3, 0, 3, 0, 0, 1] -> -120
A[1, 0, 4, 3, 0, 3, 0, 0, 2] -> 3990
A[1, 0, 4, 3, 1, 1, 0, 0, 1] -> -60
A[1, 0, 4, 3, 1, 1, 0, 0, 2] -> 2088
A[1, 0, 4, 3, 1, 1, 0, 0, 3] -> -8288
A[1, 0, 4, 3, 1, 2, 0, 0, 1] -> 200
A[1, 0, 4, 3, 1, 2, 0, 0, 2] -> -7920
A[1, 0, 4, 3, 1, 3, 0, 0, 1] -> -200
A[1, 0, 4, 3, 2, 1, 0, 0, 1] -> -72
A[1, 0, 4, 3, 2, 1, 0, 0, 2] -> 3040
A[1, 0, 4, 3, 2, 2, 0, 0, 1] -> 240
A[1, 0, 4, 3, 3, 1, 0, 0, 1] -> -72
A[1, 0, 4, 4, 0, 1, 0, 0, 1] -> -40
A[1, 0, 4, 4, 0, 1, 0, 0, 2] -> 1224
A[1, 0, 4, 4, 0, 1, 0, 0, 3] -> -4760
A[1, 0, 4, 4, 0, 2, 0, 0, 1] -> 150
A[1, 0, 4, 4, 0, 2, 0, 0, 2] -> -5520
A[1, 0, 4, 4, 0, 3, 0, 0, 1] -> -200
A[1, 0, 4, 4, 1, 1, 0, 0, 1] -> -64
A[1, 0, 4, 4, 1, 1, 0, 0, 2] -> 2560
A[1, 0, 4, 4, 1, 2, 0, 0, 1] -> 240
A[1, 0, 4, 4, 2, 1, 0, 0, 1] -> -72
A[1, 0, 4, 5, 0, 1, 0, 0, 1] -> -40
A[1, 0, 4, 5, 0, 1, 0, 0, 2] -> 1750
A[1, 0, 4, 5, 0, 2, 0, 0, 1] -> 160
A[1, 0, 4, 5, 1, 1, 0, 0, 1] -> -60
A[1, 0, 4, 6, 0, 1, 0, 0, 1] -> -56
A[1, 0, 5, 1, 0, 1, 0, 0, 1] -> -20
A[1, 0, 5, 1, 0, 1, 0, 0, 2] -> 770
A[1, 0, 5, 1, 0, 1, 0, 0, 3] -> -5184
A[1, 0, 5, 1, 0, 1, 0, 0, 4] -> 10374
A[1, 0, 5, 1, 0, 1, 0, 0, 5] -> -6076
A[1, 0, 5, 1, 1, 1, 0, 0, 1] -> -36
A[1, 0, 5, 1, 1, 1, 0, 0, 2] -> 2000
A[1, 0, 5, 1, 1, 1, 0, 0, 3] -> -15664
A[1, 0, 5, 1, 1, 1, 0, 0, 4] -> 33888
A[1, 0, 5, 1, 2, 1, 0, 0, 1] -> -48
A[1, 0, 5, 1, 2, 1, 0, 0, 2] -> 3330
A[1, 0, 5, 1, 2, 1, 0, 0, 3] -> -33000
A[1, 0, 5, 1, 3, 1, 0, 0, 1] -> -56
A[1, 0, 5, 1, 3, 1, 0, 0, 2] -> 4928
A[1, 0, 5, 1, 4, 1, 0, 0, 1] -> -60
A[1, 0, 5, 2, 0, 1, 0, 0, 1] -> -36
A[1, 0, 5, 2, 0, 1, 0, 0, 2] -> 2000
A[1, 0, 5, 2, 0, 1, 0, 0, 3] -> -15664
A[1, 0, 5, 2, 0, 1, 0, 0, 4] -> 33888
A[1, 0, 5, 2, 0, 2, 0, 0, 1] -> 90
A[1, 0, 5, 2, 0, 2, 0, 0, 2] -> -5000
A[1, 0, 5, 2, 0, 2, 0, 0, 3] -> 39160
A[1, 0, 5, 2, 1, 1, 0, 0, 1] -> -64
A[1, 0, 5, 2, 1, 1, 0, 0, 2] -> 5040
A[1, 0, 5, 2, 1, 1, 0, 0, 3] -> -45600
A[1, 0, 5, 2, 1, 2, 0, 0, 1] -> 160
A[1, 0, 5, 2, 1, 2, 0, 0, 2] -> -12600
A[1, 0, 5, 2, 2, 1, 0, 0, 1] -> -84
A[1, 0, 5, 2, 2, 1, 0, 0, 2] -> 8096
A[1, 0, 5, 2, 2, 2, 0, 0, 1] -> 210
A[1, 0, 5, 2, 3, 1, 0, 0, 1] -> -96
A[1, 0, 5, 3, 0, 1, 0, 0, 1] -> -48
A[1, 0, 5, 3, 0, 1, 0, 0, 2] -> 3240
A[1, 0, 5, 3, 0, 1, 0, 0, 3] -> -28000
A[1, 0, 5, 3, 0, 2, 0, 0, 1] -> 160
A[1, 0, 5, 3, 0, 2, 0, 0, 2] -> -12600
A[1, 0, 5, 3, 0, 3, 0, 0, 1] -> -160
A[1, 0, 5, 3, 1, 1, 0, 0, 1] -> -84
A[1, 0, 5, 3, 1, 1, 0, 0, 2] -> 7936
A[1, 0, 5, 3, 1, 2, 0, 0, 1] -> 280
A[1, 0, 5, 3, 2, 1, 0, 0, 1] -> -108
A[1, 0, 5, 4, 0, 1, 0, 0, 1] -> -56
A[1, 0, 5, 4, 0, 1, 0, 0, 2] -> 4320
A[1, 0, 5, 4, 0, 2, 0, 0, 1] -> 210
A[1, 0, 5, 4, 1, 1, 0, 0, 1] -> -96
A[1, 0, 5, 5, 0, 1, 0, 0, 1] -> -60
A[1, 0, 6, 1, 0, 1, 0, 0, 1] -> -24
A[1, 0, 6, 1, 0, 1, 0, 0, 2] -> 1820
A[1, 0, 6, 1, 0, 1, 0, 0, 3] -> -23520
A[1, 0, 6, 1, 0, 1, 0, 0, 4] -> 95550
A[1, 0, 6, 1, 1, 1, 0, 0, 1] -> -44
A[1, 0, 6, 1, 1, 1, 0, 0, 2] -> 5040
A[1, 0, 6, 1, 1, 1, 0, 0, 3] -> -78000
A[1, 0, 6, 1, 2, 1, 0, 0, 1] -> -60
A[1, 0, 6, 1, 2, 1, 0, 0, 2] -> 8800
A[1, 0, 6, 1, 3, 1, 0, 0, 1] -> -72
A[1, 0, 6, 2, 0, 1, 0, 0, 1] -> -44
A[1, 0, 6, 2, 0, 1, 0, 0, 2] -> 5040
A[1, 0, 6, 2, 0, 1, 0, 0, 3] -> -78000
A[1, 0, 6, 2, 0, 2, 0, 0, 1] -> 110
A[1, 0, 6, 2, 0, 2, 0, 0, 2] -> -12600
A[1, 0, 6, 2, 1, 1, 0, 0, 1] -> -80
A[1, 0, 6, 2, 1, 1, 0, 0, 2] -> 13640
A[1, 0, 6, 2, 1, 2, 0, 0, 1] -> 200
A[1, 0, 6, 2, 2, 1, 0, 0, 1] -> -108
A[1, 0, 6, 3, 0, 1, 0, 0, 1] -> -60
A[1, 0, 6, 3, 0, 1, 0, 0, 2] -> 8690
A[1, 0, 6, 3, 0, 2, 0, 0, 1] -> 200
A[1, 0, 6, 3, 1, 1, 0, 0, 1] -> -108
A[1, 0, 6, 4, 0, 1, 0, 0, 1] -> -72
A[1, 0, 7, 1, 0, 1, 0, 0, 1] -> -28
A[1, 0, 7, 1, 0, 1, 0, 0, 2] -> 3780
A[1, 0, 7, 1, 0, 1, 0, 0, 3] -> -84480
A[1, 0, 7, 1, 1, 1, 0, 0, 1] -> -52
A[1, 0, 7, 1, 1, 1, 0, 0, 2] -> 10976
A[1, 0, 7, 1, 2, 1, 0, 0, 1] -> -72
A[1, 0, 7, 2, 0, 1, 0, 0, 1] -> -52
A[1, 0, 7, 2, 0, 1, 0, 0, 2] -> 10976
A[1, 0, 7, 2, 0, 2, 0, 0, 1] -> 130
A[1, 0, 7, 2, 1, 1, 0, 0, 1] -> -96
A[1, 0, 7, 3, 0, 1, 0, 0, 1] -> -72
A[1, 0, 8, 1, 0, 1, 0, 0, 1] -> -32
A[1, 0, 8, 1, 0, 1, 0, 0, 2] -> 7140
A[1, 0, 8, 1, 1, 1, 0, 0, 1] -> -60
A[1, 0, 8, 2, 0, 1, 0, 0, 1] -> -60
A[1, 0, 9, 1, 0, 1, 0, 0, 1] -> -36
A[1, 1, 2, 1, 3, 0, 0, 0, 0] -> -5
A[1, 1, 2, 1, 3, 0, 1, 0, 0] -> -5
A[1, 1, 2, 1, 3, 1, 0, 0, 0] -> 2
A[1, 1, 2, 1, 3, 1, 1, 0, 0] -> 2
A[1, 1, 2, 2, 3, 1, 0, 0, 0] -> 2
A[1, 1, 2, 2, 3, 1, 1, 0, 0] -> 2
A[1, 1, 3, 2, 3, 1, 0, 0, 0] -> 2
A[1, 1, 3, 2, 3, 1, 0, 0, 1] -> -4
A[1, 1, 3, 2, 3, 1, 1, 0, 0] -> 2
A[1, 1, 3, 2, 3, 1, 1, 0, 1] -> -4
A[1, 1, 3, 2, 4, 1, 0, 0, 0] -> 2
A[1, 1, 3, 2, 4, 1, 0, 0, 1] -> -4
A[1, 1, 3, 2, 4, 1, 1, 0, 0] -> 2
A[1, 1, 3, 3, 3, 1, 0, 0, 1] -> -4
A[1, 1, 4, 2, 3, 1, 0, 0, 1] -> -8
A[2, 0, 1, 2, 0, 2, 0, 0, 1] -> -3
A[2, 0, 1, 3, 0, 2, 0, 0, 1] -> -9
A[2, 0, 1, 3, 0, 3, 0, 0, 1] -> 30
A[2, 0, 1, 3, 0, 4, 0, 0, 1] -> -30
A[2, 0, 1, 3, 0, 5, 0, 0, 1] -> 40
A[2, 0, 1, 3, 0, 6, 0, 0, 1] -> -25
A[2, 0, 1, 4, 0, 2, 0, 0, 1] -> -15
A[2, 0, 1, 4, 0, 3, 0, 0, 1] -> 60
A[2, 0, 1, 4, 0, 4, 0, 0, 1] -> -90
A[2, 0, 1, 4, 0, 5, 0, 0, 1] -> 60
A[2, 0, 1, 5, 0, 2, 0, 0, 1] -> -21
A[2, 0, 1, 5, 0, 3, 0, 0, 1] -> 90
A[2, 0, 1, 5, 0, 4, 0, 0, 1] -> -150
A[2, 0, 1, 6, 0, 2, 0, 0, 1] -> -27
A[2, 0, 1, 6, 0, 3, 0, 0, 1] -> 120
A[2, 0, 1, 7, 0, 2, 0, 0, 1] -> -33
A[2, 0, 2, 2, 0, 2, 0, 0, 1] -> -9
A[2, 0, 2, 2, 0, 2, 0, 0, 2] -> 12
A[2, 0, 2, 2, 1, 2, 0, 0, 1] -> -12
A[2, 0, 2, 2, 1, 2, 0, 0, 2] -> 18
A[2, 0, 2, 2, 2, 2, 0, 0, 1] -> -9
A[2, 0, 2, 2, 2, 2, 0, 0, 2] -> 48
A[2, 0, 2, 2, 2, 2, 0, 0, 3] -> -45
A[2, 0, 2, 2, 3, 2, 0, 0, 1] -> -15
A[2, 0, 2, 2, 3, 2, 0, 0, 2] -> 150
A[2, 0, 2, 2, 4, 2, 0, 0, 1] -> -21
A[2, 0, 2, 3, 0, 2, 0, 0, 1] -> -12
A[2, 0, 2, 3, 0, 2, 0, 0, 2] -> 18
A[2, 0, 2, 3, 0, 3, 0, 0, 1] -> 30
A[2, 0, 2, 3, 0, 3, 0, 0, 2] -> -45
A[2, 0, 2, 3, 1, 2, 0, 0, 1] -> -12
A[2, 0, 2, 3, 1, 2, 0, 0, 2] -> 24
A[2, 0, 2, 3, 1, 3, 0, 0, 1] -> 30
A[2, 0, 2, 3, 1, 3, 0, 0, 2] -> -60
A[2, 0, 2, 3, 2, 2, 0, 0, 2] -> 48
A[2, 0, 2, 4, 0, 2, 0, 0, 1] -> -24
A[2, 0, 2, 4, 0, 2, 0, 0, 2] -> 48
A[2, 0, 2, 4, 0, 3, 0, 0, 1] -> 90
A[2, 0, 2, 4, 0, 3, 0, 0, 2] -> -180
A[2, 0, 2, 4, 0, 4, 0, 0, 1] -> -120
A[2, 0, 2, 4, 1, 2, 0, 0, 1] -> -24
A[2, 0, 2, 4, 1, 2, 0, 0, 2] -> 48
A[2, 0, 2, 4, 1, 3, 0, 0, 1] -> 90
A[2, 0, 2, 5, 0, 2, 0, 0, 1] -> -36
A[2, 0, 2, 5, 0, 2, 0, 0, 2] -> 150
A[2, 0, 2, 5, 0, 3, 0, 0, 1] -> 150
A[2, 0, 2, 5, 1, 2, 0, 0, 1] -> -36
A[2, 0, 2, 6, 0, 2, 0, 0, 1] -> -48
A[2, 0, 3, 2, 0, 2, 0, 0, 1] -> -15
A[2, 0, 3, 2, 0, 2, 0, 0, 2] -> 96
A[2, 0, 3, 2, 0, 2, 0, 0, 3] -> -91
A[2, 0, 3, 2, 1, 2, 0, 0, 1] -> -24
A[2, 0, 3, 2, 1, 2, 0, 0, 2] -> 190
A[2, 0, 3, 2, 1, 2, 0, 0, 3] -> -192
A[2, 0, 3, 2, 2, 2, 0, 0, 1] -> -27
A[2, 0, 3, 2, 2, 2, 0, 0, 2] -> 300
A[2, 0, 3, 2, 3, 2, 0, 0, 1] -> -24
A[2, 0, 3, 3, 0, 2, 0, 0, 1] -> -24
A[2, 0, 3, 3, 0, 2, 0, 0, 2] -> 190
A[2, 0, 3, 3, 0, 2, 0, 0, 3] -> -192
A[2, 0, 3, 3, 0, 3, 0, 0, 1] -> 60
A[2, 0, 3, 3, 0, 3, 0, 0, 2] -> -475
A[2, 0, 3, 3, 1, 2, 0, 0, 1] -> -36
A[2, 0, 3, 3, 1, 2, 0, 0, 2] -> 352
A[2, 0, 3, 3, 1, 3, 0, 0, 1] -> 90
A[2, 0, 3, 3, 2, 2, 0, 0, 1] -> -36
A[2, 0, 3, 4, 0, 2, 0, 0, 1] -> -27
A[2, 0, 3, 4, 0, 2, 0, 0, 2] -> 300
A[2, 0, 3, 4, 0, 3, 0, 0, 1] -> 90
A[2, 0, 3, 4, 1, 2, 0, 0, 1] -> -36
A[2, 0, 3, 5, 0, 2, 0, 0, 1] -> -45
A[2, 0, 4, 2, 0, 2, 0, 0, 1] -> -21
A[2, 0, 4, 2, 0, 2, 0, 0, 2] -> 416
A[2, 0, 4, 2, 0, 2, 0, 0, 3] -> -1323
A[2, 0, 4, 2, 1, 2, 0, 0, 1] -> -36
A[2, 0, 4, 2, 1, 2, 0, 0, 2] -> 952
A[2, 0, 4, 2, 2, 2, 0, 0, 1] -> -45
A[2, 0, 4, 3, 0, 2, 0, 0, 1] -> -36
A[2, 0, 4, 3, 0, 2, 0, 0, 2] -> 952
A[2, 0, 4, 3, 0, 3, 0, 0, 1] -> 90
A[2, 0, 4, 3, 1, 2, 0, 0, 1] -> -60
A[2, 0, 4, 4, 0, 2, 0, 0, 1] -> -45
A[2, 0, 5, 2, 0, 2, 0, 0, 1] -> -27
A[2, 0, 5, 2, 0, 2, 0, 0, 2] -> 1280
A[2, 0, 5, 2, 1, 2, 0, 0, 1] -> -48
A[2, 0, 5, 3, 0, 2, 0, 0, 1] -> -48
A[2, 0, 6, 2, 0, 2, 0, 0, 1] -> -33
A[3, 0, 1, 3, 0, 3, 0, 0, 1] -> -8
A[3, 0, 1, 3, 0, 4, 0, 0, 1] -> 20
A[3, 0, 1, 3, 0, 5, 0, 0, 1] -> -50
A[3, 0, 1, 4, 0, 3, 0, 0, 1] -> -16
A[3, 0, 1, 4, 0, 4, 0, 0, 1] -> 60
A[3, 0, 1, 5, 0, 3, 0, 0, 1] -> -24
A[3, 0, 2, 3, 0, 3, 0, 0, 1] -> -8
A[3, 0, 2, 3, 0, 3, 0, 0, 2] -> 12
A[3, 0, 2, 3, 1, 3, 0, 0, 1] -> -8
A[3, 0, 2, 4, 0, 3, 0, 0, 1] -> -24
A[3, 0, 3, 3, 0, 3, 0, 0, 1] -> -16
A[4, 0, 1, 3, 0, 4, 0, 0, 1] -> -5