A[0, 0, 0, 0, 0, 0, 0, 0, 1] -> -1
A[0, 0, 0, 0, 0, 0, 1, 0, 0] -> 2
A[0, 0, 0, 0, 0, 1, 0, 0, 0] -> -5
A[0, 0, 0, 0, 1, 0, 0, 0, 0] -> 2
A[0, 0, 0, 0, 1, 0, 0, 0, 1] -> -3
A[0, 0, 0, 0, 2, 0, 0, 0, 1] -> -5
A[0, 0, 0, 0, 2, 0, 0, 0, 2] -> 6
A[0, 0, 0, 0, 3, 0, 0, 0, 1] -> -7
A[0, 0, 0, 0, 3, 0, 0, 0, 2] -> 32
A[0, 0, 0, 0, 3, 0, 0, 0, 3] -> -27
A[0, 0, 0, 0, 4, 0, 0, 0, 1] -> -9
A[0, 0, 0, 0, 4, 0, 0, 0, 2] -> 110
A[0, 0, 0, 0, 4, 0, 0, 0, 3] -> -286
A[0, 0, 0, 0, 4, 0, 0, 0, 4] -> 192
A[0, 0, 0, 0, 5, 0, 0, 0, 1] -> -11
A[0, 0, 0, 0, 5, 0, 0, 0, 2] -> 288
A[0, 0, 0, 0, 5, 0, 0, 0, 3] -> -1651
A[0, 0, 0, 0, 6, 0, 0, 0, 1] -> -13
A[0, 0, 0, 0, 6, 0, 0, 0, 2] -> 644
A[0, 0, 0, 0, 7, 0, 0, 0, 1] -> -15
A[0, 0, 0, 1, 0, 0, 0, 0, 0] -> 2
A[0, 0, 0, 1, 0, 1, 0, 0, 0] -> -5
A[0, 0, 1, 0, 0, 0, 0, 0, 0] -> 2
A[0, 0, 1, 0, 0, 0, 0, 0, 1] -> -3
A[0, 0, 1, 0, 1, 0, 0, 0, 0] -> 2
A[0, 0, 1, 0, 1, 0, 0, 0, 1] -> -4
A[0, 0, 1, 0, 2, 0, 0, 0, 1] -> -8
A[0, 0, 1, 0, 2, 0, 0, 0, 2] -> 10
A[0, 0, 1, 0, 3, 0, 0, 0, 1] -> -12
A[0, 0, 1, 0, 3, 0, 0, 0, 2] -> 70
A[0, 0, 1, 0, 3, 0, 0, 0, 3] -> -64
A[0, 0, 1, 0, 4, 0, 0, 0, 1] -> -16
A[0, 0, 1, 0, 4, 0, 0, 0, 2] -> 270
A[0, 0, 1, 0, 4, 0, 0, 0, 3] -> -800
A[0, 0, 1, 0, 5, 0, 0, 0, 1] -> -20
A[0, 0, 1, 0, 5, 0, 0, 0, 2] -> 770
A[0, 0, 1, 0, 6, 0, 0, 0, 1] -> -24
A[0, 0, 1, 1, 0, 0, 0, 0, 0] -> 2
A[0, 0, 1, 1, 0, 0, 0, 0, 1] -> -4
A[0, 0, 1, 1, 0, 1, 0, 0, 0] -> -5
A[0, 0, 1, 1, 0, 1, 0, 0, 1] -> 10
A[0, 0, 1, 1, 1, 0, 0, 0, 0] -> 2
A[0, 0, 1, 1, 1, 0, 0, 0, 1] -> -4
A[0, 0, 1, 1, 1, 1, 0, 0, 0] -> -5
A[0, 0, 1, 1, 1, 1, 0, 0, 1] -> 10
A[0, 0, 1, 1, 2, 0, 0, 0, 1] -> -8
A[0, 0, 1, 1, 2, 0, 0, 0, 2] -> 10
A[0, 0, 1, 1, 2, 1, 0, 0, 1] -> 20
A[0, 0, 1, 1, 2, 1, 0, 0, 2] -> -25
A[0, 0, 1, 1, 3, 0, 0, 0, 1] -> -12
A[0, 0, 1, 1, 3, 0, 0, 0, 2] -> 70
A[0, 0, 1, 1, 3, 0, 0, 0, 3] -> -64
A[0, 0, 1, 1, 3, 1, 0, 0, 1] -> 30
A[0, 0, 1, 1, 3, 1, 0, 0, 2] -> -175
A[0, 0, 1, 1, 4, 0, 0, 0, 1] -> -16
A[0, 0, 1, 1, 4, 0, 0, 0, 2] -> 270
A[0, 0, 1, 1, 4, 1, 0, 0, 1] -> 40
A[0, 0, 1, 1, 5, 0, 0, 0, 1] -> -20
A[0, 0, 1, 2, 0, 0, 0, 0, 1] -> -3
A[0, 0, 1, 2, 0, 1, 0, 0, 1] -> 10
A[0, 0, 1, 2, 0, 2, 0, 0, 1] -> -10
A[0, 0, 1, 3, 0, 0, 0, 0, 1] -> -5
A[0, 0, 1, 3, 0, 1, 0, 0, 1] -> 20
A[0, 0, 1, 3, 0, 2, 0, 0, 1] -> -30
A[0, 0, 1, 3, 0, 3, 0, 0, 1] -> 20
A[0, 0, 1, 4, 0, 0, 0, 0, 1] -> -7
A[0, 0, 1, 4, 0, 1, 0, 0, 1] -> 30
A[0, 0, 1, 4, 0, 2, 0, 0, 1] -> -50
A[0, 0, 1, 5, 0, 0, 0, 0, 1] -> -9
A[0, 0, 1, 5, 0, 1, 0, 0, 1] -> 40
A[0, 0, 1, 6, 0, 0, 0, 0, 1] -> -11
A[0, 0, 2, 0, 0, 0, 0, 0, 1] -> -5
A[0, 0, 2, 0, 0, 0, 0, 0, 2] -> 6
A[0, 0, 2, 0, 1, 0, 0, 0, 1] -> -8
A[0, 0, 2, 0, 1, 0, 0, 0, 2] -> 10
A[0, 0, 2, 0, 2, 0, 0, 0, 1] -> -9
A[0, 0, 2, 0, 2, 0, 0, 0, 2] -> 32
A[0, 0, 2, 0, 2, 0, 0, 0, 3] -> -25
A[0, 0, 2, 0, 3, 0, 0, 0, 1] -> -15
A[0, 0, 2, 0, 3, 0, 0, 0, 2] -> 126
A[0, 0, 2, 0, 3, 0, 0, 0, 3] -> -266
A[0, 0, 2, 0, 4, 0, 0, 0, 1] -> -21
A[0, 0, 2, 0, 4, 0, 0, 0, 2] -> 456
A[0, 0, 2, 0, 5, 0, 0, 0, 1] -> -27
A[0, 0, 2, 1, 0, 0, 0, 0, 1] -> -8
A[0, 0, 2, 1, 0, 0, 0, 0, 2] -> 10
A[0, 0, 2, 1, 0, 1, 0, 0, 1] -> 20
A[0, 0, 2, 1, 0, 1, 0, 0, 2] -> -25
A[0, 0, 2, 1, 1, 0, 0, 0, 1] -> -12
A[0, 0, 2, 1, 1, 0, 0, 0, 2] -> 16
A[0, 0, 2, 1, 1, 1, 0, 0, 1] -> 30
A[0, 0, 2, 1, 1, 1, 0, 0, 2] -> -40
A[0, 0, 2, 1, 2, 0, 0, 0, 1] -> -12
A[0, 0, 2, 1, 2, 0, 0, 0, 2] -> 48
A[0, 0, 2, 1, 2, 0, 0, 0, 3] -> -40
A[0, 0, 2, 1, 2, 1, 0, 0, 1] -> 30
A[0, 0, 2, 1, 2, 1, 0, 0, 2] -> -120
A[0, 0, 2, 1, 3, 0, 0, 0, 1] -> -20
A[0, 0, 2, 1, 3, 0, 0, 0, 2] -> 192
A[0, 0, 2, 1, 3, 1, 0, 0, 1] -> 50
A[0, 0, 2, 1, 4, 0, 0, 0, 1] -> -28
A[0, 0, 2, 2, 0, 0, 0, 0, 1] -> -9
A[0, 0, 2, 2, 0, 0, 0, 0, 2] -> 12
A[0, 0, 2, 2, 0, 1, 0, 0, 1] -> 30
A[0, 0, 2, 2, 0, 1, 0, 0, 2] -> -40
A[0, 0, 2, 2, 0, 2, 0, 0, 1] -> -30
A[0, 0, 2, 2, 0, 2, 0, 0, 2] -> 40
A[0, 0, 2, 2, 1, 0, 0, 0, 1] -> -12
A[0, 0, 2, 2, 1, 0, 0, 0, 2] -> 18
A[0, 0, 2, 2, 1, 1, 0, 0, 1] -> 40
A[0, 0, 2, 2, 1, 1, 0, 0, 2] -> -60
A[0, 0, 2, 2, 1, 2, 0, 0, 1] -> -40
A[0, 0, 2, 2, 2, 0, 0, 0, 1] -> -9
A[0, 0, 2, 2, 2, 0, 0, 0, 2] -> 48
A[0, 0, 2, 2, 2, 1, 0, 0, 1] -> 30
A[0, 0, 2, 2, 3, 0, 0, 0, 1] -> -15
A[0, 0, 2, 3, 0, 0, 0, 0, 1] -> -8
A[0, 0, 2, 3, 0, 0, 0, 0, 2] -> 12
A[0, 0, 2, 3, 0, 1, 0, 0, 1] -> 30
A[0, 0, 2, 3, 0, 1, 0, 0, 2] -> -45
A[0, 0, 2, 3, 0, 2, 0, 0, 1] -> -40
A[0, 0, 2, 3, 1, 0, 0, 0, 1] -> -8
A[0, 0, 2, 3, 1, 0, 0, 0, 2] -> 16
A[0, 0, 2, 3, 1, 1, 0, 0, 1] -> 30
A[0, 0, 2, 4, 0, 0, 0, 0, 1] -> -12
A[0, 0, 2, 4, 0, 0, 0, 0, 2] -> 24
A[0, 0, 2, 4, 0, 1, 0, 0, 1] -> 50
A[0, 0, 2, 4, 1, 0, 0, 0, 1] -> -12
A[0, 0, 2, 5, 0, 0, 0, 0, 1] -> -16
A[0, 0, 3, 0, 0, 0, 0, 0, 1] -> -7
A[0, 0, 3, 0, 0, 0, 0, 0, 2] -> 32
A[0, 0, 3, 0, 0, 0, 0, 0, 3] -> -27
A[0, 0, 3, 0, 1, 0, 0, 0, 1] -> -12
A[0, 0, 3, 0, 1, 0, 0, 0, 2] -> 70
A[0, 0, 3, 0, 1, 0, 0, 0, 3] -> -64
A[0, 0, 3, 0, 2, 0, 0, 0, 1] -> -15
A[0, 0, 3, 0, 2, 0, 0, 0, 2] -> 126
A[0, 0, 3, 0, 2, 0, 0, 0, 3] -> -266
A[0, 0, 3, 0, 3, 0, 0, 0, 1] -> -16
A[0, 0, 3, 0, 3, 0, 0, 0, 2] -> 300
A[0, 0, 3, 0, 4, 0, 0, 0, 1] -> -24
A[0, 0, 3, 1, 0, 0, 0, 0, 1] -> -12
A[0, 0, 3, 1, 0, 0, 0, 0, 2] -> 70
A[0, 0, 3, 1, 0, 0, 0, 0, 3] -> -64
A[0, 0, 3, 1, 0, 1, 0, 0, 1] -> 30
A[0, 0, 3, 1, 0, 1, 0, 0, 2] -> -175
A[0, 0, 3, 1, 0, 1, 0, 0, 3] -> 160
A[0, 0, 3, 1, 1, 0, 0, 0, 1] -> -20
A[0, 0, 3, 1, 1, 0, 0, 0, 2] -> 144
A[0, 0, 3, 1, 1, 0, 0, 0, 3] -> -140
A[0, 0, 3, 1, 1, 1, 0, 0, 1] -> 50
A[0, 0, 3, 1, 1, 1, 0, 0, 2] -> -360
A[0, 0, 3, 1, 2, 0, 0, 0, 1] -> -24
A[0, 0, 3, 1, 2, 0, 0, 0, 2] -> 240
A[0, 0, 3, 1, 2, 1, 0, 0, 1] -> 60
A[0, 0, 3, 1, 3, 0, 0, 0, 1] -> -24
A[0, 0, 3, 2, 0, 0, 0, 0, 1] -> -15
A[0, 0, 3, 2, 0, 0, 0, 0, 2] -> 96
A[0, 0, 3, 2, 0, 0, 0, 0, 3] -> -91
A[0, 0, 3, 2, 0, 1, 0, 0, 1] -> 50
A[0, 0, 3, 2, 0, 1, 0, 0, 2] -> -360
A[0, 0, 3, 2, 0, 2, 0, 0, 1] -> -50
A[0, 0, 3, 2, 1, 0, 0, 0, 1] -> -24
A[0, 0, 3, 2, 1, 0, 0, 0, 2] -> 190
A[0, 0, 3, 2, 1, 1, 0, 0, 1] -> 80
A[0, 0, 3, 2, 2, 0, 0, 0, 1] -> -27
A[0, 0, 3, 3, 0, 0, 0, 0, 1] -> -16
A[0, 0, 3, 3, 0, 0, 0, 0, 2] -> 110
A[0, 0, 3, 3, 0, 1, 0, 0, 1] -> 60
A[0, 0, 3, 3, 1, 0, 0, 0, 1] -> -24
A[0, 0, 3, 4, 0, 0, 0, 0, 1] -> -15
A[0, 0, 4, 0, 0, 0, 0, 0, 1] -> -9
A[0, 0, 4, 0, 0, 0, 0, 0, 2] -> 110
A[0, 0, 4, 0, 0, 0, 0, 0, 3] -> -286
A[0, 0, 4, 0, 0, 0, 0, 0, 4] -> 192
A[0, 0, 4, 0, 1, 0, 0, 0, 1] -> -16
A[0, 0, 4, 0, 1, 0, 0, 0, 2] -> 270
A[0, 0, 4, 0, 1, 0, 0, 0, 3] -> -800
A[0, 0, 4, 0, 2, 0, 0, 0, 1] -> -21
A[0, 0, 4, 0, 2, 0, 0, 0, 2] -> 456
A[0, 0, 4, 0, 3, 0, 0, 0, 1] -> -24
A[0, 0, 4, 1, 0, 0, 0, 0, 1] -> -16
A[0, 0, 4, 1, 0, 0, 0, 0, 2] -> 270
A[0, 0, 4, 1, 0, 0, 0, 0, 3] -> -800
A[0, 0, 4, 1, 0, 1, 0, 0, 1] -> 40
A[0, 0, 4, 1, 0, 1, 0, 0, 2] -> -675
A[0, 0, 4, 1, 1, 0, 0, 0, 1] -> -28
A[0, 0, 4, 1, 1, 0, 0, 0, 2] -> 640
A[0, 0, 4, 1, 1, 1, 0, 0, 1] -> 70
A[0, 0, 4, 1, 2, 0, 0, 0, 1] -> -36
A[0, 0, 4, 2, 0, 0, 0, 0, 1] -> -21
A[0, 0, 4, 2, 0, 0, 0, 0, 2] -> 416
A[0, 0, 4, 2, 0, 1, 0, 0, 1] -> 70
A[0, 0, 4, 2, 1, 0, 0, 0, 1] -> -36
A[0, 0, 4, 3, 0, 0, 0, 0, 1] -> -24
A[0, 0, 5, 0, 0, 0, 0, 0, 1] -> -11
A[0, 0, 5, 0, 0, 0, 0, 0, 2] -> 288
A[0, 0, 5, 0, 0, 0, 0, 0, 3] -> -1651
A[0, 0, 5, 0, 1, 0, 0, 0, 1] -> -20
A[0, 0, 5, 0, 1, 0, 0, 0, 2] -> 770
A[0, 0, 5, 0, 2, 0, 0, 0, 1] -> -27
A[0, 0, 5, 1, 0, 0, 0, 0, 1] -> -20
A[0, 0, 5, 1, 0, 0, 0, 0, 2] -> 770
A[0, 0, 5, 1, 0, 1, 0, 0, 1] -> 50
A[0, 0, 5, 1, 1, 0, 0, 0, 1] -> -36
A[0, 0, 5, 2, 0, 0, 0, 0, 1] -> -27
A[0, 0, 6, 0, 0, 0, 0, 0, 1] -> -13
A[0, 0, 6, 0, 0, 0, 0, 0, 2] -> 644
A[0, 0, 6, 0, 1, 0, 0, 0, 1] -> -24
A[0, 0, 6, 1, 0, 0, 0, 0, 1] -> -24
A[0, 0, 7, 0, 0, 0, 0, 0, 1] -> -15
A[0, 1, 2, 1, 3, 0, 0, 0, 0] -> 2
A[0, 1, 2, 1, 3, 0, 1, 0, 0] -> 2
A[1, 0, 0, 0, 0, 0, 0, 0, 0] -> -5
A[1, 0, 0, 0, 0, 1, 0, 0, 0] -> 2
A[1, 0, 0, 1, 0, 1, 0, 0, 0] -> 2
A[1, 0, 1, 1, 0, 1, 0, 0, 0] -> 2
A[1, 0, 1, 1, 0, 1, 0, 0, 1] -> -4
A[1, 0, 1, 1, 1, 1, 0, 0, 0] -> 2
A[1, 0, 1, 1, 1, 1, 0, 0, 1] -> -4
A[1, 0, 1, 1, 2, 1, 0, 0, 1] -> -8
A[1, 0, 1, 1, 2, 1, 0, 0, 2] -> 10
A[1, 0, 1, 1, 3, 1, 0, 0, 1] -> -12
A[1, 0, 1, 2, 0, 1, 0, 0, 1] -> -4
A[1, 0, 1, 2, 0, 2, 0, 0, 1] -> 10
A[1, 0, 1, 3, 0, 1, 0, 0, 1] -> -8
A[1, 0, 1, 3, 0, 2, 0, 0, 1] -> 30
A[1, 0, 1, 4, 0, 1, 0, 0, 1] -> -12
A[1, 0, 2, 1, 0, 1, 0, 0, 1] -> -8
A[1, 0, 2, 1, 0, 1, 0, 0, 2] -> 10
A[1, 0, 2, 1, 1, 1, 0, 0, 1] -> -12
A[1, 0, 2, 1, 1, 1, 0, 0, 2] -> 16
A[1, 0, 2, 1, 2, 1, 0, 0, 1] -> -12
A[1, 0, 2, 2, 0, 1, 0, 0, 1] -> -12
A[1, 0, 2, 2, 0, 1, 0, 0, 2] -> 16
A[1, 0, 2, 2, 0, 2, 0, 0, 1] -> 30
A[1, 0, 2, 2, 1, 1, 0, 0, 1] -> -16
A[1, 0, 2, 3, 0, 1, 0, 0, 1] -> -12
A[1, 0, 3, 1, 0, 1, 0, 0, 1] -> -12
A[1, 0, 3, 1, 0, 1, 0, 0, 2] -> 70
A[1, 0, 3, 1, 1, 1, 0, 0, 1] -> -20
A[1, 0, 3, 2, 0, 1, 0, 0, 1] -> -20
A[1, 0, 4, 1, 0, 1, 0, 0, 1] -> -16
A[1, 1, 2, 1, 3, 0, 0, 0, 0] -> -5
A[2, 0, 1, 2, 0, 2, 0, 0, 1] -> -3