A[0, 0, 0, 1, 0] -> -3
A[0, 0, 0, 2, 0] -> 6
A[0, 0, 0, 3, 0] -> -27
A[0, 0, 0, 4, 0] -> 192
A[0, 0, 0, 5, 0] -> -1695
A[0, 0, 1, 0, 0] -> 2
A[0, 0, 1, 1, 0] -> -4
A[0, 0, 1, 2, 0] -> 10
A[0, 0, 1, 3, 0] -> -64
A[0, 0, 1, 4, 0] -> 572
A[0, 0, 2, 1, 0] -> -3
A[0, 0, 2, 2, 0] -> 12
A[0, 0, 2, 3, 0] -> -91
A[0, 0, 3, 1, 0] -> -5
A[0, 0, 3, 1, 1] -> -3
A[0, 0, 3, 2, 0] -> 12
A[0, 0, 4, 1, 0] -> -7
A[1, 1, 0, 0, 0] -> -1
A[1, 1, 0, 1, 0] -> 2
A[1, 1, 0, 2, 0] -> -5
A[1, 1, 0, 3, 0] -> 32
A[1, 1, 1, 1, 0] -> 2
A[1, 1, 1, 2, 0] -> -8