A[0, 0, 0, 1, 0] -> -3
A[0, 0, 0, 2, 0] -> 6
A[0, 0, 0, 3, 0] -> -27
A[0, 0, 0, 4, 0] -> 192
A[0, 0, 0, 5, 0] -> -1695
A[0, 0, 0, 6, 0] -> 17064
A[0, 0, 0, 7, 0] -> -188454
A[0, 0, 0, 8, 0] -> 2228160
A[0, 0, 1, 0, 0] -> 2
A[0, 0, 1, 1, 0] -> -4
A[0, 0, 1, 2, 0] -> 10
A[0, 0, 1, 3, 0] -> -64
A[0, 0, 1, 4, 0] -> 572
A[0, 0, 1, 5, 0] -> -6076
A[0, 0, 1, 6, 0] -> 71740
A[0, 0, 1, 7, 0] -> -909760
A[0, 0, 2, 1, 0] -> -3
A[0, 0, 2, 2, 0] -> 12
A[0, 0, 2, 3, 0] -> -91
A[0, 0, 2, 4, 0] -> 980
A[0, 0, 2, 5, 0] -> -12259
A[0, 0, 2, 6, 0] -> 166720
A[0, 0, 3, 1, 0] -> -5
A[0, 0, 3, 1, 1] -> -3
A[0, 0, 3, 2, 0] -> 12
A[0, 0, 3, 3, 0] -> -108
A[0, 0, 3, 4, 0] -> 1332
A[0, 0, 3, 5, 0] -> -18912
A[0, 0, 4, 1, 0] -> -7
A[0, 0, 4, 2, 0] -> 24
A[0, 0, 4, 3, 0] -> -150
A[0, 0, 4, 4, 0] -> 1808
A[0, 0, 5, 1, 0] -> -9
A[0, 0, 5, 2, 0] -> 56
A[0, 0, 5, 3, 0] -> -294
A[0, 0, 6, 1, 0] -> -11
A[0, 0, 6, 2, 0] -> 140
A[0, 0, 7, 1, 0] -> -13
A[0, 3, 3, 1, 1] -> -3
A[1, 1, 0, 0, 0] -> -1
A[1, 1, 0, 1, 0] -> 2
A[1, 1, 0, 2, 0] -> -5
A[1, 1, 0, 3, 0] -> 32
A[1, 1, 0, 4, 0] -> -286
A[1, 1, 0, 5, 0] -> 3038
A[1, 1, 0, 6, 0] -> -35870
A[1, 1, 1, 1, 0] -> 2
A[1, 1, 1, 2, 0] -> -8
A[1, 1, 1, 3, 0] -> 70
A[1, 1, 1, 4, 0] -> -800
A[1, 1, 1, 5, 0] -> 10374
A[1, 1, 2, 2, 0] -> -9
A[1, 1, 2, 3, 0] -> 96
A[1, 1, 2, 4, 0] -> -1323
A[1, 1, 3, 1, 1] -> 2
A[1, 1, 3, 2, 0] -> -8
A[1, 1, 3, 2, 1] -> -4
A[1, 1, 3, 3, 0] -> 110
A[1, 1, 4, 2, 0] -> -12
A[2, 2, 0, 3, 0] -> -7
A[2, 2, 0, 4, 0] -> 110
A[2, 2, 1, 3, 0] -> -12